0.057592   0.000000   0.867089
0.046593   0.033852   0.867089
0.017797   0.054773   0.867089
-0.017797   0.054773   0.867089
-0.046593   0.033852   0.867089
-0.057592   0.000000   0.867089
-0.046593   -0.033852   0.867089
-0.017797   -0.054773   0.867089
0.017797   -0.054773   0.867089
0.046593   -0.033852   0.867089
0.067555   0.092981   0.861366
0.035516   0.109306   0.861366
0.000000   0.114931   0.861366
-0.035516   0.109306   0.861366
-0.067555   0.092981   0.861366
-0.092981   0.067555   0.861366
-0.109306   0.035516   0.861366
-0.114931   0.000000   0.861366
-0.109306   -0.035516   0.861366
-0.092981   -0.067555   0.861366
-0.067555   -0.092981   0.861366
-0.035516   -0.109306   0.861366
-0.000000   -0.114931   0.861366
0.035516   -0.109306   0.861366
0.067555   -0.092981   0.861366
0.092981   -0.067555   0.861366
0.109306   -0.035516   0.861366
0.114931   -0.000000   0.861366
0.109306   0.035516   0.861366
0.092981   0.067555   0.861366
0.121456   0.121456   0.851856
0.094521   0.143418   0.851856
0.063716   0.159509   0.851856
0.030303   0.169070   0.851856
-0.004351   0.171709   0.851856
-0.038827   0.167318   0.851856
-0.071713   0.156077   0.851856
-0.101663   0.138447   0.851856
-0.127451   0.115148   0.851856
-0.148022   0.087135   0.851856
-0.162532   0.055555   0.851856
-0.170388   0.021700   0.851856
-0.171268   -0.013043   0.851856
-0.165137   -0.047252   0.851856
-0.152245   -0.079526   0.851856
-0.133120   -0.108545   0.851856
-0.108545   -0.133120   0.851856
-0.079526   -0.152245   0.851856
-0.047252   -0.165137   0.851856
-0.013043   -0.171268   0.851856
0.021700   -0.170388   0.851856
0.055555   -0.162532   0.851856
0.087135   -0.148022   0.851856
0.115148   -0.127451   0.851856
0.138447   -0.101663   0.851856
0.156077   -0.071713   0.851856
0.167318   -0.038827   0.851856
0.171709   -0.004351   0.851856
0.169070   0.030303   0.851856
0.159509   0.063716   0.851856
0.143418   0.094521   0.851856
0.172877   0.148410   0.838599
0.147532   0.173627   0.838599
0.118555   0.194569   0.838599
0.086658   0.210719   0.838599
0.052627   0.221681   0.838599
0.017301   0.227185   0.838599
-0.018452   0.227094   0.838599
-0.053750   0.221412   0.838599
-0.087725   0.210277   0.838599
-0.119539   0.193965   0.838599
-0.148410   0.172877   0.838599
-0.173627   0.147532   0.838599
-0.194569   0.118555   0.838599
-0.210719   0.086658   0.838599
-0.221681   0.052627   0.838599
-0.227185   0.017301   0.838599
-0.227094   -0.018452   0.838599
-0.221412   -0.053750   0.838599
-0.210277   -0.087725   0.838599
-0.193965   -0.119539   0.838599
-0.172877   -0.148410   0.838599
-0.147532   -0.173627   0.838599
-0.118555   -0.194569   0.838599
-0.086658   -0.210719   0.838599
-0.052627   -0.221681   0.838599
-0.017301   -0.227185   0.838599
0.018452   -0.227094   0.838599
0.053750   -0.221412   0.838599
0.087725   -0.210277   0.838599
0.119539   -0.193965   0.838599
0.148410   -0.172877   0.838599
0.173627   -0.147532   0.838599
0.194569   -0.118555   0.838599
0.210719   -0.086658   0.838599
0.221681   -0.052627   0.838599
0.227185   -0.017301   0.838599
0.227094   0.018452   0.838599
0.221412   0.053750   0.838599
0.210277   0.087725   0.838599
0.193965   0.119539   0.838599
0.215133   0.183741   0.821656
0.190408   0.209255   0.821656
0.162680   0.231470   0.821656
0.132386   0.250034   0.821656
0.100005   0.264655   0.821656
0.066046   0.275102   0.821656
0.031046   0.281210   0.821656
-0.004444   0.282884   0.821656
-0.039864   0.280096   0.821656
-0.074655   0.272891   0.821656
-0.108268   0.261383   0.821656
-0.140175   0.245752   0.821656
-0.169870   0.226246   0.821656
-0.196887   0.203171   0.821656
-0.220798   0.176893   0.821656
-0.241228   0.147825   0.821656
-0.257853   0.116425   0.821656
-0.270412   0.083190   0.821656
-0.278706   0.048642   0.821656
-0.282605   0.013327   0.821656
-0.282047   -0.022198   0.821656
-0.277040   -0.057372   0.821656
-0.267665   -0.091642   0.821656
-0.254069   -0.124467   0.821656
-0.236466   -0.155329   0.821656
-0.215133   -0.183741   0.821656
-0.190408   -0.209255   0.821656
-0.162680   -0.231470   0.821656
-0.132386   -0.250034   0.821656
-0.100005   -0.264655   0.821656
-0.066046   -0.275102   0.821656
-0.031046   -0.281210   0.821656
0.004444   -0.282884   0.821656
0.039864   -0.280096   0.821656
0.074655   -0.272891   0.821656
0.108268   -0.261383   0.821656
0.140175   -0.245752   0.821656
0.169870   -0.226246   0.821656
0.196887   -0.203171   0.821656
0.220798   -0.176893   0.821656
0.241228   -0.147825   0.821656
0.257853   -0.116425   0.821656
0.270412   -0.083190   0.821656
0.278706   -0.048642   0.821656
0.282605   -0.013327   0.821656
0.282047   0.022198   0.821656
0.277040   0.057372   0.821656
0.267665   0.091642   0.821656
0.254069   0.124467   0.821656
0.236466   0.155329   0.821656
0.259471   0.214653   0.801099
0.235612   0.240599   0.801099
0.209172   0.263910   0.801099
0.180440   0.284328   0.801099
0.149731   0.301632   0.801099
0.117382   0.315631   0.801099
0.083747   0.326171   0.801099
0.049194   0.333138   0.801099
0.014102   0.336456   0.801099
-0.021145   0.336087   0.801099
-0.056160   0.332035   0.801099
-0.090559   0.324346   0.801099
-0.123966   0.313103   0.801099
-0.156015   0.298430   0.801099
-0.186355   0.280487   0.801099
-0.214653   0.259471   0.801099
-0.240599   0.235612   0.801099
-0.263910   0.209172   0.801099
-0.284328   0.180440   0.801099
-0.301632   0.149731   0.801099
-0.315631   0.117382   0.801099
-0.326171   0.083747   0.801099
-0.333138   0.049194   0.801099
-0.336456   0.014102   0.801099
-0.336087   -0.021145   0.801099
-0.332035   -0.056160   0.801099
-0.324346   -0.090559   0.801099
-0.313103   -0.123966   0.801099
-0.298430   -0.156015   0.801099
-0.280487   -0.186355   0.801099
-0.259471   -0.214653   0.801099
-0.235612   -0.240599   0.801099
-0.209172   -0.263910   0.801099
-0.180440   -0.284328   0.801099
-0.149731   -0.301632   0.801099
-0.117382   -0.315631   0.801099
-0.083747   -0.326171   0.801099
-0.049194   -0.333138   0.801099
-0.014102   -0.336456   0.801099
0.021145   -0.336087   0.801099
0.056160   -0.332035   0.801099
0.090559   -0.324346   0.801099
0.123966   -0.313103   0.801099
0.156015   -0.298430   0.801099
0.186355   -0.280487   0.801099
0.214653   -0.259471   0.801099
0.240599   -0.235612   0.801099
0.263910   -0.209172   0.801099
0.284328   -0.180440   0.801099
0.301632   -0.149731   0.801099
0.315631   -0.117382   0.801099
0.326171   -0.083747   0.801099
0.333138   -0.049194   0.801099
0.336456   -0.014102   0.801099
0.336087   0.021145   0.801099
0.332035   0.056160   0.801099
0.324346   0.090559   0.801099
0.313103   0.123966   0.801099
0.298430   0.156015   0.801099
0.280487   0.186355   0.801099
0.302390   0.244870   0.777020
0.278869   0.271353   0.777020
0.253039   0.295588   0.777020
0.225111   0.317374   0.777020
0.195318   0.336529   0.777020
0.163906   0.352896   0.777020
0.131137   0.366339   0.777020
0.097281   0.376746   0.777020
0.062618   0.384031   0.777020
0.027437   0.388134   0.777020
-0.007972   0.389021   0.777020
-0.043314   0.386684   0.777020
-0.078298   0.381143   0.777020
-0.112633   0.372444   0.777020
-0.146034   0.360659   0.777020
-0.178226   0.345885   0.777020
-0.208940   0.328245   0.777020
-0.237923   0.307885   0.777020
-0.264935   0.284974   0.777020
-0.289752   0.259702   0.777020
-0.312167   0.232277   0.777020
-0.331996   0.202928   0.777020
-0.349073   0.171897   0.777020
-0.363259   0.139442   0.777020
-0.374434   0.105831   0.777020
-0.382506   0.071344   0.777020
-0.387409   0.036265   0.777020
-0.389102   0.000886   0.777020
-0.387570   -0.034501   0.777020
-0.382827   -0.069601   0.777020
-0.374912   -0.104125   0.777020
-0.363890   -0.137787   0.777020
-0.349852   -0.170306   0.777020
-0.332916   -0.201414   0.777020
-0.313221   -0.230853   0.777020
-0.290931   -0.258380   0.777020
-0.266230   -0.283765   0.777020
-0.239323   -0.306799   0.777020
-0.210433   -0.327290   0.777020
-0.179799   -0.345070   0.777020
-0.147675   -0.359990   0.777020
-0.114327   -0.371928   0.777020
-0.080032   -0.380783   0.777020
-0.045074   -0.386483   0.777020
-0.009743   -0.388981   0.777020
0.025670   -0.388255   0.777020
0.060869   -0.384312   0.777020
0.095564   -0.377185   0.777020
0.129468   -0.366932   0.777020
0.162298   -0.353639   0.777020
0.193784   -0.337415   0.777020
0.223664   -0.318395   0.777020
0.251690   -0.296737   0.777020
0.277631   -0.272620   0.777020
0.301272   -0.246244   0.777020
0.322416   -0.217828   0.777020
0.340888   -0.187607   0.777020
0.356536   -0.155831   0.777020
0.369229   -0.122764   0.777020
0.378863   -0.088679   0.777020
0.385357   -0.053860   0.777020
0.388658   -0.018595   0.777020
0.388739   0.016825   0.777020
0.385598   0.052105   0.777020
0.379262   0.086954   0.777020
0.369784   0.121081   0.777020
0.357241   0.154206   0.777020
0.341739   0.186053   0.777020
0.323404   0.216358   0.777020
0.341114   0.277517   0.749524
0.317677   0.304065   0.749524
0.292180   0.328641   0.749524
0.264788   0.351086   0.749524
0.235678   0.371255   0.749524
0.205040   0.389015   0.749524
0.173073   0.404252   0.749524
0.139983   0.416868   0.749524
0.105985   0.426780   0.749524
0.071300   0.433925   0.749524
0.036152   0.438255   0.749524
0.000770   0.439743   0.749524
-0.034617   0.438379   0.749524
-0.069780   0.434172   0.749524
-0.104490   0.427149   0.749524
-0.138522   0.417356   0.749524
-0.171656   0.404856   0.749524
-0.203677   0.389731   0.749524
-0.234377   0.372078   0.749524
-0.263556   0.352012   0.749524
-0.291027   0.329663   0.749524
-0.316610   0.305176   0.749524
-0.340140   0.278710   0.749524
-0.361464   0.250436   0.749524
-0.380443   0.220538   0.749524
-0.396956   0.189210   0.749524
-0.410893   0.156655   0.749524
-0.422167   0.123084   0.749524
-0.430702   0.088714   0.749524
-0.436444   0.053770   0.749524
-0.439355   0.018476   0.749524
-0.439417   -0.016937   0.749524
-0.436629   -0.052241   0.749524
-0.431010   -0.087205   0.749524
-0.422595   -0.121604   0.749524
-0.411440   -0.155215   0.749524
-0.397616   -0.187819   0.749524
-0.381213   -0.219204   0.749524
-0.362339   -0.249169   0.749524
-0.341114   -0.277517   0.749524
-0.317677   -0.304065   0.749524
-0.292180   -0.328641   0.749524
-0.264788   -0.351086   0.749524
-0.235678   -0.371255   0.749524
-0.205040   -0.389015   0.749524
-0.173073   -0.404252   0.749524
-0.139983   -0.416868   0.749524
-0.105985   -0.426780   0.749524
-0.071300   -0.433925   0.749524
-0.036152   -0.438255   0.749524
-0.000770   -0.439743   0.749524
0.034617   -0.438379   0.749524
0.069780   -0.434172   0.749524
0.104490   -0.427149   0.749524
0.138522   -0.417356   0.749524
0.171656   -0.404856   0.749524
0.203677   -0.389731   0.749524
0.234377   -0.372078   0.749524
0.263556   -0.352012   0.749524
0.291027   -0.329663   0.749524
0.316610   -0.305176   0.749524
0.340140   -0.278710   0.749524
0.361464   -0.250436   0.749524
0.380443   -0.220538   0.749524
0.396956   -0.189210   0.749524
0.410893   -0.156655   0.749524
0.422167   -0.123084   0.749524
0.430702   -0.088714   0.749524
0.436444   -0.053770   0.749524
0.439355   -0.018476   0.749524
0.439417   0.016937   0.749524
0.436629   0.052241   0.749524
0.431010   0.087205   0.749524
0.422595   0.121604   0.749524
0.411440   0.155215   0.749524
0.397616   0.187819   0.749524
0.381213   0.219204   0.749524
0.362339   0.249169   0.749524
0.378356   0.308918   0.718733
0.354797   0.335712   0.718733
0.329345   0.360715   0.718733
0.302136   0.383794   0.718733
0.273315   0.404824   0.718733
0.243036   0.423695   0.718733
0.211459   0.440305   0.718733
0.178755   0.454566   0.718733
0.145097   0.466402   0.718733
0.110665   0.475749   0.718733
0.075642   0.482558   0.718733
0.040216   0.486792   0.718733
0.004575   0.488429   0.718733
-0.031090   0.487460   0.718733
-0.066589   0.483890   0.718733
-0.101734   0.477739   0.718733
-0.136335   0.469038   0.718733
-0.170209   0.457835   0.718733
-0.203174   0.444189   0.718733
-0.235056   0.428173   0.718733
-0.265684   0.409873   0.718733
-0.294894   0.389386   0.718733
-0.322530   0.366821   0.718733
-0.348446   0.342300   0.718733
-0.372503   0.315952   0.718733
-0.394572   0.287918   0.718733
-0.414536   0.258348   0.718733
-0.432289   0.227399   0.718733
-0.447734   0.195238   0.718733
-0.460791   0.162034   0.718733
-0.471390   0.127966   0.718733
-0.479473   0.093216   0.718733
-0.484999   0.057968   0.718733
-0.487936   0.022410   0.718733
-0.488270   -0.013266   0.718733
-0.485999   -0.048872   0.718733
-0.481135   -0.084218   0.718733
-0.473704   -0.119114   0.718733
-0.463746   -0.153374   0.718733
-0.451313   -0.186816   0.718733
-0.436472   -0.219262   0.718733
-0.419303   -0.250537   0.718733
-0.399896   -0.280476   0.718733
-0.378356   -0.308918   0.718733
-0.354797   -0.335712   0.718733
-0.329345   -0.360715   0.718733
-0.302136   -0.383794   0.718733
-0.273315   -0.404824   0.718733
-0.243036   -0.423695   0.718733
-0.211459   -0.440305   0.718733
-0.178755   -0.454566   0.718733
-0.145097   -0.466402   0.718733
-0.110665   -0.475749   0.718733
-0.075642   -0.482558   0.718733
-0.040216   -0.486792   0.718733
-0.004575   -0.488429   0.718733
0.031090   -0.487460   0.718733
0.066589   -0.483890   0.718733
0.101734   -0.477739   0.718733
0.136335   -0.469038   0.718733
0.170209   -0.457835   0.718733
0.203174   -0.444189   0.718733
0.235056   -0.428173   0.718733
0.265684   -0.409873   0.718733
0.294894   -0.389386   0.718733
0.322530   -0.366821   0.718733
0.348446   -0.342300   0.718733
0.372503   -0.315952   0.718733
0.394572   -0.287918   0.718733
0.414536   -0.258348   0.718733
0.432289   -0.227399   0.718733
0.447734   -0.195238   0.718733
0.460791   -0.162034   0.718733
0.471390   -0.127966   0.718733
0.479473   -0.093216   0.718733
0.484999   -0.057968   0.718733
0.487936   -0.022410   0.718733
0.488270   0.013266   0.718733
0.485999   0.048872   0.718733
0.481135   0.084218   0.718733
0.473704   0.119114   0.718733
0.463746   0.153374   0.718733
0.451313   0.186816   0.718733
0.436472   0.219262   0.718733
0.419303   0.250537   0.718733
0.399896   0.280476   0.718733
0.411234   0.342231   0.684781
0.387716   0.368662   0.684781
0.362504   0.393480   0.684781
0.335706   0.416578   0.684781
0.307440   0.437854   0.684781
0.277830   0.457216   0.684781
0.247005   0.474578   0.684781
0.215099   0.489865   0.684781
0.182254   0.503010   0.684781
0.148611   0.513956   0.684781
0.114318   0.522654   0.684781
0.079526   0.529066   0.684781
0.044386   0.533165   0.684781
0.009052   0.534933   0.684781
-0.026322   0.534362   0.684781
-0.061581   0.531454   0.684781
-0.096571   0.526222   0.684781
-0.131138   0.518689   0.684781
-0.165131   0.508888   0.684781
-0.198403   0.496862   0.684781
-0.230807   0.482663   0.684781
-0.262202   0.466353   0.684781
-0.292450   0.448005   0.684781
-0.321420   0.427697   0.684781
-0.348984   0.405519   0.684781
-0.375022   0.381568   0.684781
-0.399420   0.355948   0.684781
-0.422072   0.328772   0.684781
-0.442877   0.300158   0.684781
-0.461747   0.270232   0.684781
-0.478597   0.239124   0.684781
-0.493355   0.206971   0.684781
-0.505955   0.173912   0.684781
-0.516342   0.140093   0.684781
-0.524472   0.105661   0.684781
-0.530309   0.070768   0.684781
-0.533826   0.035564   0.684781
-0.535010   0.000206   0.684781
-0.533854   -0.035154   0.684781
-0.530363   -0.070360   0.684781
-0.524553   -0.105258   0.684781
-0.516450   -0.139696   0.684781
-0.506088   -0.173523   0.684781
-0.493514   -0.206591   0.684781
-0.478781   -0.238756   0.684781
-0.461955   -0.269877   0.684781
-0.443108   -0.299818   0.684781
-0.422324   -0.328447   0.684781
-0.399694   -0.355641   0.684781
-0.375315   -0.381279   0.684781
-0.349296   -0.405251   0.684781
-0.321749   -0.427450   0.684781
-0.292795   -0.447780   0.684781
-0.262561   -0.466152   0.684781
-0.231178   -0.482485   0.684781
-0.198785   -0.496709   0.684781
-0.165523   -0.508761   0.684781
-0.131537   -0.518588   0.684781
-0.096975   -0.526148   0.684781
-0.061990   -0.531406   0.684781
-0.026733   -0.534342   0.684781
0.008640   -0.534940   0.684781
0.043976   -0.533199   0.684781
0.079119   -0.529127   0.684781
0.113916   -0.522741   0.684781
0.148216   -0.514070   0.684781
0.181867   -0.503150   0.684781
0.214723   -0.490030   0.684781
0.246640   -0.474768   0.684781
0.277478   -0.457429   0.684781
0.307103   -0.438090   0.684781
0.335385   -0.416836   0.684781
0.362201   -0.393759   0.684781
0.387433   -0.368960   0.684781
0.410970   -0.342548   0.684781
0.432711   -0.314637   0.684781
0.452560   -0.285351   0.684781
0.470429   -0.254817   0.684781
0.486242   -0.223169   0.684781
0.499928   -0.190545   0.684781
0.511428   -0.157088   0.684781
0.520692   -0.122944   0.684781
0.527679   -0.088263   0.684781
0.532359   -0.053195   0.684781
0.534710   -0.017895   0.684781
0.534724   0.017484   0.684781
0.532399   0.052786   0.684781
0.527747   0.087857   0.684781
0.520786   0.122544   0.684781
0.511549   0.156695   0.684781
0.500074   0.190161   0.684781
0.486413   0.222795   0.684781
0.470625   0.254456   0.684781
0.452779   0.285003   0.684781
0.432953   0.314304   0.684781
0.445071   0.370680   0.647819
0.421645   0.397124   0.647819
0.396650   0.422091   0.647819
0.370180   0.445487   0.647819
0.342333   0.467226   0.647819
0.313212   0.487227   0.647819
0.282926   0.505415   0.647819
0.251588   0.521724   0.647819
0.219314   0.536091   0.647819
0.186223   0.548464   0.647819
0.152441   0.558797   0.647819
0.118091   0.567051   0.647819
0.083301   0.573195   0.647819
0.048202   0.577208   0.647819
0.012923   0.579073   0.647819
-0.022403   0.578783   0.647819
-0.057646   0.576341   0.647819
-0.092675   0.571755   0.647819
-0.127359   0.565041   0.647819
-0.161570   0.556226   0.647819
-0.195179   0.545341   0.647819
-0.228062   0.532428   0.647819
-0.260097   0.517534   0.647819
-0.291164   0.500715   0.647819
-0.321148   0.482033   0.647819
-0.349937   0.461558   0.647819
-0.377425   0.439366   0.647819
-0.403508   0.415540   0.647819
-0.428091   0.390167   0.647819
-0.451080   0.363343   0.647819
-0.472392   0.335168   0.647819
-0.491947   0.305746   0.647819
-0.509671   0.275186   0.647819
-0.525500   0.243602   0.647819
-0.539373   0.211113   0.647819
-0.551240   0.177838   0.647819
-0.561057   0.143901   0.647819
-0.568786   0.109429   0.647819
-0.574399   0.074550   0.647819
-0.577876   0.039394   0.647819
-0.579202   0.004091   0.647819
-0.578374   -0.031227   0.647819
-0.575395   -0.066429   0.647819
-0.570275   -0.101384   0.647819
-0.563033   -0.135961   0.647819
-0.553697   -0.170033   0.647819
-0.542302   -0.203472   0.647819
-0.528888   -0.236155   0.647819
-0.513508   -0.267959   0.647819
-0.496217   -0.298766   0.647819
-0.477080   -0.328461   0.647819
-0.456168   -0.356935   0.647819
-0.433559   -0.384081   0.647819
-0.409338   -0.409798   0.647819
-0.383594   -0.433991   0.647819
-0.356422   -0.456569   0.647819
-0.327925   -0.477449   0.647819
-0.298208   -0.496552   0.647819
-0.267381   -0.513808   0.647819
-0.235560   -0.529153   0.647819
-0.202863   -0.542530   0.647819
-0.169411   -0.553888   0.647819
-0.135328   -0.563186   0.647819
-0.100743   -0.570388   0.647819
-0.065782   -0.575469   0.647819
-0.030577   -0.578409   0.647819
0.004742   -0.579197   0.647819
0.040043   -0.577831   0.647819
0.075196   -0.574315   0.647819
0.110068   -0.568662   0.647819
0.144532   -0.560894   0.647819
0.178457   -0.551040   0.647819
0.211719   -0.539136   0.647819
0.244193   -0.525226   0.647819
0.275758   -0.509362   0.647819
0.306298   -0.491603   0.647819
0.335699   -0.472015   0.647819
0.363850   -0.450672   0.647819
0.390648   -0.427652   0.647819
0.415993   -0.403041   0.647819
0.439790   -0.376931   0.647819
0.461951   -0.349418   0.647819
0.482394   -0.320606   0.647819
0.501042   -0.290601   0.647819
0.517826   -0.259515   0.647819
0.532684   -0.227463   0.647819
0.545560   -0.194566   0.647819
0.556407   -0.160944   0.647819
0.565184   -0.126724   0.647819
0.571858   -0.092033   0.647819
0.576405   -0.056999   0.647819
0.578808   -0.021753   0.647819
0.579058   0.013574   0.647819
0.577153   0.048851   0.647819
0.573101   0.083945   0.647819
0.566918   0.118728   0.647819
0.558625   0.153068   0.647819
0.548254   0.186840   0.647819
0.535844   0.219916   0.647819
0.521441   0.252174   0.647819
0.505097   0.283494   0.647819
0.486875   0.313760   0.647819
0.466841   0.342858   0.647819
0.474264   0.400701   0.608007
0.450615   0.427123   0.608007
0.425496   0.452152   0.608007
0.398989   0.475705   0.608007
0.371181   0.497707   0.608007
0.342162   0.518086   0.608007
0.312027   0.536775   0.608007
0.280875   0.553712   0.608007
0.248806   0.568844   0.608007
0.215925   0.582120   0.608007
0.182341   0.593498   0.608007
0.148161   0.602940   0.608007
0.113498   0.610415   0.608007
0.078465   0.615899   0.608007
0.043177   0.619374   0.608007
0.007747   0.620828   0.608007
-0.027708   0.620258   0.608007
-0.063073   0.617665   0.608007
-0.098232   0.613057   0.608007
-0.133070   0.606449   0.608007
-0.167475   0.597863   0.608007
-0.201333   0.587327   0.608007
-0.234534   0.574875   0.608007
-0.266971   0.560549   0.608007
-0.298536   0.544393   0.608007
-0.329128   0.526462   0.608007
-0.358646   0.506814   0.608007
-0.386995   0.485513   0.608007
-0.414081   0.462628   0.608007
-0.439817   0.438234   0.608007
-0.464118   0.412411   0.608007
-0.486905   0.385242   0.608007
-0.508104   0.356817   0.608007
-0.527645   0.327228   0.608007
-0.545466   0.296572   0.608007
-0.561507   0.264948   0.608007
-0.575717   0.232460   0.608007
-0.588049   0.199214   0.608007
-0.598463   0.165318   0.608007
-0.606925   0.130883   0.608007
-0.613407   0.096021   0.608007
-0.617888   0.060846   0.608007
-0.620354   0.025472   0.608007
-0.620796   -0.009985   0.608007
-0.619214   -0.045409   0.608007
-0.615612   -0.080685   0.608007
-0.610002   -0.115698   0.608007
-0.602402   -0.150334   0.608007
-0.592837   -0.184479   0.608007
-0.581338   -0.218022   0.608007
-0.567944   -0.250855   0.608007
-0.552696   -0.282869   0.608007
-0.535646   -0.313960   0.608007
-0.516849   -0.344028   0.608007
-0.496366   -0.372973   0.608007
-0.474264   -0.400701   0.608007
-0.450615   -0.427123   0.608007
-0.425496   -0.452152   0.608007
-0.398989   -0.475705   0.608007
-0.371181   -0.497707   0.608007
-0.342162   -0.518086   0.608007
-0.312027   -0.536775   0.608007
-0.280875   -0.553712   0.608007
-0.248806   -0.568844   0.608007
-0.215925   -0.582120   0.608007
-0.182341   -0.593498   0.608007
-0.148161   -0.602940   0.608007
-0.113498   -0.610415   0.608007
-0.078465   -0.615899   0.608007
-0.043177   -0.619374   0.608007
-0.007747   -0.620828   0.608007
0.027708   -0.620258   0.608007
0.063073   -0.617665   0.608007
0.098232   -0.613057   0.608007
0.133070   -0.606449   0.608007
0.167475   -0.597863   0.608007
0.201333   -0.587327   0.608007
0.234534   -0.574875   0.608007
0.266971   -0.560549   0.608007
0.298536   -0.544393   0.608007
0.329128   -0.526462   0.608007
0.358646   -0.506814   0.608007
0.386995   -0.485513   0.608007
0.414081   -0.462628   0.608007
0.439817   -0.438234   0.608007
0.464118   -0.412411   0.608007
0.486905   -0.385242   0.608007
0.508104   -0.356817   0.608007
0.527645   -0.327228   0.608007
0.545466   -0.296572   0.608007
0.561507   -0.264948   0.608007
0.575717   -0.232460   0.608007
0.588049   -0.199214   0.608007
0.598463   -0.165318   0.608007
0.606925   -0.130883   0.608007
0.613407   -0.096021   0.608007
0.617888   -0.060846   0.608007
0.620354   -0.025472   0.608007
0.620796   0.009985   0.608007
0.619214   0.045409   0.608007
0.615612   0.080685   0.608007
0.610002   0.115698   0.608007
0.602402   0.150334   0.608007
0.592837   0.184479   0.608007
0.581338   0.218022   0.608007
0.567944   0.250855   0.608007
0.552696   0.282869   0.608007
0.535646   0.313960   0.608007
0.516849   0.344028   0.608007
0.496366   0.372973   0.608007
0.498649   0.432082   0.565523
0.474737   0.458224   0.565523
0.449457   0.483046   0.565523
0.422881   0.506475   0.565523
0.395085   0.528444   0.565523
0.366150   0.548889   0.565523
0.336160   0.567751   0.565523
0.305200   0.584977   0.565523
0.273361   0.600515   0.565523
0.240733   0.614323   0.565523
0.207411   0.626359   0.565523
0.173492   0.636589   0.565523
0.139071   0.644984   0.565523
0.104250   0.651519   0.565523
0.069129   0.656175   0.565523
0.033808   0.658940   0.565523
-0.001611   0.659805   0.565523
-0.037024   0.658767   0.565523
-0.072331   0.655830   0.565523
-0.107430   0.651002   0.565523
-0.142219   0.644297   0.565523
-0.176597   0.635735   0.565523
-0.210467   0.625339   0.565523
-0.243729   0.613140   0.565523
-0.276289   0.599174   0.565523
-0.308053   0.583480   0.565523
-0.338928   0.566103   0.565523
-0.368826   0.547095   0.565523
-0.397660   0.526509   0.565523
-0.425348   0.504405   0.565523
-0.451810   0.480846   0.565523
-0.476969   0.455901   0.565523
-0.500752   0.429642   0.565523
-0.523092   0.402144   0.565523
-0.543924   0.373486   0.565523
-0.563187   0.343752   0.565523
-0.580827   0.313026   0.565523
-0.596791   0.281398   0.565523
-0.611036   0.248959   0.565523
-0.623518   0.215802   0.565523
-0.634203   0.182022   0.565523
-0.643059   0.147718   0.565523
-0.650061   0.112988   0.565523
-0.655188   0.077932   0.565523
-0.658427   0.042651   0.565523
-0.659767   0.007248   0.565523
-0.659205   -0.028177   0.565523
-0.656742   -0.063520   0.565523
-0.652386   -0.098680   0.565523
-0.646148   -0.133556   0.565523
-0.638048   -0.168046   0.565523
-0.628108   -0.202053   0.565523
-0.616357   -0.235476   0.565523
-0.602829   -0.268220   0.565523
-0.587563   -0.300192   0.565523
-0.570602   -0.331297   0.565523
-0.551997   -0.361448   0.565523
-0.531800   -0.390556   0.565523
-0.510069   -0.418538   0.565523
-0.486868   -0.445314   0.565523
-0.462264   -0.470805   0.565523
-0.436326   -0.494939   0.565523
-0.409130   -0.517646   0.565523
-0.380755   -0.538860   0.565523
-0.351282   -0.558521   0.565523
-0.320796   -0.576572   0.565523
-0.289385   -0.592960   0.565523
-0.257140   -0.607638   0.565523
-0.224153   -0.620565   0.565523
-0.190520   -0.631702   0.565523
-0.156338   -0.641018   0.565523
-0.121705   -0.648485   0.565523
-0.086721   -0.654083   0.565523
-0.051487   -0.657795   0.565523
-0.016104   -0.659610   0.565523
0.019324   -0.659524   0.565523
0.054698   -0.657536   0.565523
0.089913   -0.653652   0.565523
0.124869   -0.647883   0.565523
0.159465   -0.640247   0.565523
0.193602   -0.630764   0.565523
0.227180   -0.619463   0.565523
0.260103   -0.606376   0.565523
0.292276   -0.591540   0.565523
0.323607   -0.574999   0.565523
0.354004   -0.556800   0.565523
0.383381   -0.536995   0.565523
0.411653   -0.515642   0.565523
0.438737   -0.492803   0.565523
0.464557   -0.468543   0.565523
0.489037   -0.442931   0.565523
0.512107   -0.416043   0.565523
0.533700   -0.387955   0.565523
0.553755   -0.358748   0.565523
0.572213   -0.328508   0.565523
0.589021   -0.297320   0.565523
0.604131   -0.265274   0.565523
0.617499   -0.232464   0.565523
0.629087   -0.198984   0.565523
0.638861   -0.164930   0.565523
0.646793   -0.130400   0.565523
0.652860   -0.095494   0.565523
0.657044   -0.060313   0.565523
0.659335   -0.024958   0.565523
0.659724   0.010468   0.565523
0.658211   0.045865   0.565523
0.654800   0.081130   0.565523
0.649501   0.116160   0.565523
0.642330   0.150856   0.565523
0.633306   0.185116   0.565523
0.622457   0.218843   0.565523
0.609813   0.251939   0.565523
0.595410   0.284309   0.565523
0.579291   0.315858   0.565523
0.561502   0.346497   0.565523
0.542094   0.376137   0.565523
0.521122   0.404693   0.565523
0.520840   0.461424   0.520552
0.496600   0.487417   0.520552
0.471065   0.512138   0.520552
0.444300   0.535523   0.520552
0.416377   0.557510   0.520552
0.387367   0.578043   0.520552
0.357346   0.597069   0.520552
0.326393   0.614536   0.520552
0.294589   0.630400   0.520552
0.262016   0.644620   0.520552
0.228760   0.657158   0.520552
0.194906   0.667981   0.520552
0.160545   0.677062   0.520552
0.125764   0.684376   0.520552
0.090655   0.689905   0.520552
0.055310   0.693634   0.520552
0.019821   0.695553   0.520552
-0.015721   0.695658   0.520552
-0.051221   0.693948   0.520552
-0.086587   0.690427   0.520552
-0.121728   0.685105   0.520552
-0.156551   0.677996   0.520552
-0.190966   0.669118   0.520552
-0.224882   0.658495   0.520552
-0.258212   0.646153   0.520552
-0.290868   0.632126   0.520552
-0.322765   0.616449   0.520552
-0.353821   0.599164   0.520552
-0.383953   0.580317   0.520552
-0.413083   0.559955   0.520552
-0.441136   0.538132   0.520552
-0.468038   0.514905   0.520552
-0.493719   0.490335   0.520552
-0.518112   0.464486   0.520552
-0.541153   0.437425   0.520552
-0.562782   0.409223   0.520552
-0.582943   0.379953   0.520552
-0.601583   0.349692   0.520552
-0.618654   0.318519   0.520552
-0.634111   0.286515   0.520552
-0.647913   0.253763   0.520552
-0.660025   0.220349   0.520552
-0.670416   0.186360   0.520552
-0.679057   0.151885   0.520552
-0.685926   0.117014   0.520552
-0.691006   0.081838   0.520552
-0.694284   0.046448   0.520552
-0.695750   0.010937   0.520552
-0.695400   -0.024603   0.520552
-0.693237   -0.060079   0.520552
-0.689265   -0.095397   0.520552
-0.683495   -0.130467   0.520552
-0.675942   -0.165197   0.520552
-0.666625   -0.199495   0.520552
-0.655569   -0.233273   0.520552
-0.642803   -0.266443   0.520552
-0.628360   -0.298917   0.520552
-0.612277   -0.330611   0.520552
-0.594597   -0.361443   0.520552
-0.575366   -0.391332   0.520552
-0.554634   -0.420200   0.520552
-0.532455   -0.447972   0.520552
-0.508886   -0.474575   0.520552
-0.483990   -0.499940   0.520552
-0.457832   -0.524001   0.520552
-0.430479   -0.546695   0.520552
-0.402003   -0.567962   0.520552
-0.372478   -0.587748   0.520552
-0.341981   -0.606000   0.520552
-0.310592   -0.622671   0.520552
-0.278393   -0.637718   0.520552
-0.245468   -0.651101   0.520552
-0.211902   -0.662785   0.520552
-0.177783   -0.672741   0.520552
-0.143201   -0.680941   0.520552
-0.108245   -0.687365   0.520552
-0.073007   -0.691995   0.520552
-0.037578   -0.694820   0.520552
-0.002051   -0.695833   0.520552
0.033482   -0.695030   0.520552
0.068927   -0.692413   0.520552
0.104192   -0.687991   0.520552
0.139185   -0.681773   0.520552
0.173815   -0.673777   0.520552
0.207992   -0.664023   0.520552
0.241626   -0.652537   0.520552
0.274630   -0.639348   0.520552
0.306917   -0.624491   0.520552
0.338403   -0.608005   0.520552
0.369007   -0.589933   0.520552
0.398648   -0.570322   0.520552
0.427249   -0.549222   0.520552
0.454735   -0.526690   0.520552
0.481035   -0.502784   0.520552
0.506080   -0.477567   0.520552
0.529805   -0.451103   0.520552
0.552147   -0.423462   0.520552
0.573049   -0.394717   0.520552
0.592456   -0.364942   0.520552
0.610318   -0.334215   0.520552
0.626587   -0.302615   0.520552
0.641221   -0.270227   0.520552
0.654183   -0.237133   0.520552
0.665438   -0.203421   0.520552
0.674956   -0.169178   0.520552
0.682714   -0.134494   0.520552
0.688691   -0.099458   0.520552
0.692871   -0.064164   0.520552
0.695243   -0.028701   0.520552
0.695802   0.006836   0.520552
0.694545   0.042355   0.520552
0.691477   0.077763   0.520552
0.686604   0.112969   0.520552
0.679940   0.147880   0.520552
0.671502   0.182405   0.520552
0.661313   0.216455   0.520552
0.649398   0.249939   0.520552
0.635789   0.282772   0.520552
0.620521   0.314867   0.520552
0.603634   0.346140   0.520552
0.585172   0.376511   0.520552
0.565184   0.405899   0.520552
0.543722   0.434228   0.520552
0.537855   0.491801   0.473291
0.513272   0.517405   0.473291
0.487472   0.541781   0.473291
0.460516   0.564873   0.473291
0.432468   0.586624   0.473291
0.403394   0.606984   0.473291
0.373363   0.625905   0.473291
0.342446   0.643340   0.473291
0.310717   0.659250   0.473291
0.278251   0.673597   0.473291
0.245126   0.686345   0.473291
0.211418   0.697466   0.473291
0.177210   0.706932   0.473291
0.142581   0.714722   0.473291
0.107614   0.720816   0.473291
0.072391   0.725201   0.473291
0.036997   0.727865   0.473291
0.001515   0.728803   0.473291
-0.033970   0.728013   0.473291
-0.069375   0.725495   0.473291
-0.104616   0.721257   0.473291
-0.139608   0.715308   0.473291
-0.174269   0.707663   0.473291
-0.208517   0.698339   0.473291
-0.242270   0.687358   0.473291
-0.275448   0.674748   0.473291
-0.307973   0.660537   0.473291
-0.339768   0.644759   0.473291
-0.370757   0.627452   0.473291
-0.400866   0.608656   0.473291
-0.430025   0.588417   0.473291
-0.458164   0.566782   0.473291
-0.485216   0.543803   0.473291
-0.511117   0.519534   0.473291
-0.535805   0.494033   0.473291
-0.559223   0.467360   0.473291
-0.581315   0.439579   0.473291
-0.602027   0.410755   0.473291
-0.621312   0.380956   0.473291
-0.639123   0.350254   0.473291
-0.655418   0.318722   0.473291
-0.670159   0.286433   0.473291
-0.683310   0.253465   0.473291
-0.694840   0.219895   0.473291
-0.704722   0.185805   0.473291
-0.712933   0.151273   0.473291
-0.719452   0.116383   0.473291
-0.724265   0.081216   0.473291
-0.727361   0.045857   0.473291
-0.728731   0.010389   0.473291
-0.728372   -0.025103   0.473291
-0.726286   -0.060536   0.473291
-0.722478   -0.095826   0.473291
-0.716955   -0.130888   0.473291
-0.709732   -0.165639   0.473291
-0.700826   -0.199998   0.473291
-0.690257   -0.233882   0.473291
-0.678052   -0.267212   0.473291
-0.664238   -0.299908   0.473291
-0.648848   -0.331892   0.473291
-0.631920   -0.363089   0.473291
-0.613492   -0.393425   0.473291
-0.593610   -0.422828   0.473291
-0.572319   -0.451228   0.473291
-0.549671   -0.478558   0.473291
-0.525720   -0.504753   0.473291
-0.500521   -0.529750   0.473291
-0.474135   -0.553491   0.473291
-0.446625   -0.575919   0.473291
-0.418055   -0.596981   0.473291
-0.388493   -0.616627   0.473291
-0.358011   -0.634811   0.473291
-0.326679   -0.651489   0.473291
-0.294572   -0.666621   0.473291
-0.261766   -0.680173   0.473291
-0.228340   -0.692111   0.473291
-0.194372   -0.702407   0.473291
-0.159943   -0.711038   0.473291
-0.125134   -0.717982   0.473291
-0.090029   -0.723223   0.473291
-0.054710   -0.726748   0.473291
-0.019262   -0.728550   0.473291
0.016232   -0.728624   0.473291
0.051688   -0.726970   0.473291
0.087021   -0.723591   0.473291
0.122148   -0.718496   0.473291
0.156985   -0.711697   0.473291
0.191450   -0.703209   0.473291
0.225460   -0.693054   0.473291
0.258936   -0.681255   0.473291
0.291797   -0.667840   0.473291
0.323967   -0.652841   0.473291
0.355368   -0.636294   0.473291
0.385926   -0.618237   0.473291
0.415569   -0.598714   0.473291
0.444226   -0.577771   0.473291
0.471830   -0.555458   0.473291
0.498314   -0.531827   0.473291
0.523616   -0.506934   0.473291
0.547677   -0.480839   0.473291
0.570438   -0.453604   0.473291
0.591847   -0.425293   0.473291
0.611851   -0.395973   0.473291
0.630404   -0.365714   0.473291
0.647463   -0.334587   0.473291
0.662985   -0.302667   0.473291
0.676935   -0.270029   0.473291
0.689279   -0.236750   0.473291
0.699988   -0.202910   0.473291
0.709037   -0.168589   0.473291
0.716405   -0.133867   0.473291
0.722073   -0.098829   0.473291
0.726028   -0.063555   0.473291
0.728262   -0.028132   0.473291
0.728768   0.007359   0.473291
0.727545   0.042832   0.473291
0.724597   0.078204   0.473291
0.719930   0.113390   0.473291
0.713555   0.148307   0.473291
0.705488   0.182873   0.473291
0.695748   0.217004   0.473291
0.684358   0.250621   0.473291
0.671344   0.283644   0.473291
0.656738   0.315994   0.473291
0.640574   0.347594   0.473291
0.622891   0.378370   0.473291
0.603730   0.408248   0.473291
0.583137   0.437158   0.473291
0.561162   0.465031   0.473291
0.552467   0.519815   0.423950
0.527495   0.545139   0.423950
0.501363   0.569265   0.423950
0.474130   0.592139   0.423950
0.445854   0.613712   0.423950
0.416597   0.633935   0.423950
0.386426   0.652765   0.423950
0.355404   0.670161   0.423950
0.323602   0.686083   0.423950
0.291088   0.700496   0.423950
0.257934   0.713370   0.423950
0.224213   0.724676   0.423950
0.190000   0.734389   0.423950
0.155368   0.742488   0.423950
0.120395   0.748954   0.423950
0.085158   0.753774   0.423950
0.049733   0.756937   0.423950
0.014199   0.758436   0.423950
-0.021366   0.758268   0.423950
-0.056884   0.756433   0.423950
-0.092278   0.752936   0.423950
-0.127468   0.747783   0.423950
-0.162378   0.740986   0.423950
-0.196931   0.732561   0.423950
-0.231052   0.722525   0.423950
-0.264664   0.710901   0.423950
-0.297695   0.697714   0.423950
-0.330071   0.682994   0.423950
-0.361722   0.666772   0.423950
-0.392577   0.649084   0.423950
-0.422570   0.629970   0.423950
-0.451633   0.609471   0.423950
-0.479704   0.587632   0.423950
-0.506721   0.564501   0.423950
-0.532623   0.540129   0.423950
-0.557355   0.514571   0.423950
-0.580861   0.487881   0.423950
-0.603091   0.460118   0.423950
-0.623995   0.431344   0.423950
-0.643527   0.401622   0.423950
-0.661645   0.371017   0.423950
-0.678308   0.339596   0.423950
-0.693480   0.307429   0.423950
-0.707128   0.274586   0.423950
-0.719221   0.241140   0.423950
-0.729733   0.207163   0.423950
-0.738641   0.172731   0.423950
-0.745926   0.137920   0.423950
-0.751571   0.102805   0.423950
-0.755563   0.067464   0.423950
-0.757895   0.031975   0.423950
-0.758561   -0.003584   0.423950
-0.757559   -0.039136   0.423950
-0.754892   -0.074601   0.423950
-0.750566   -0.109903   0.423950
-0.744589   -0.144963   0.423950
-0.736976   -0.179704   0.423950
-0.727743   -0.214050   0.423950
-0.716910   -0.247926   0.423950
-0.704501   -0.281257   0.423950
-0.690544   -0.313969   0.423950
-0.675068   -0.345991   0.423950
-0.658109   -0.377253   0.423950
-0.639703   -0.407686   0.423950
-0.619891   -0.437222   0.423950
-0.598716   -0.465797   0.423950
-0.576225   -0.493348   0.423950
-0.552467   -0.519815   0.423950
-0.527495   -0.545139   0.423950
-0.501363   -0.569265   0.423950
-0.474130   -0.592139   0.423950
-0.445854   -0.613712   0.423950
-0.416597   -0.633935   0.423950
-0.386426   -0.652765   0.423950
-0.355404   -0.670161   0.423950
-0.323602   -0.686083   0.423950
-0.291088   -0.700496   0.423950
-0.257934   -0.713370   0.423950
-0.224213   -0.724676   0.423950
-0.190000   -0.734389   0.423950
-0.155368   -0.742488   0.423950
-0.120395   -0.748954   0.423950
-0.085158   -0.753774   0.423950
-0.049733   -0.756937   0.423950
-0.014199   -0.758436   0.423950
0.021366   -0.758268   0.423950
0.056884   -0.756433   0.423950
0.092278   -0.752936   0.423950
0.127468   -0.747783   0.423950
0.162378   -0.740986   0.423950
0.196931   -0.732561   0.423950
0.231052   -0.722525   0.423950
0.264664   -0.710901   0.423950
0.297695   -0.697714   0.423950
0.330071   -0.682994   0.423950
0.361722   -0.666772   0.423950
0.392577   -0.649084   0.423950
0.422570   -0.629970   0.423950
0.451633   -0.609471   0.423950
0.479704   -0.587632   0.423950
0.506721   -0.564501   0.423950
0.532623   -0.540129   0.423950
0.557355   -0.514571   0.423950
0.580861   -0.487881   0.423950
0.603091   -0.460118   0.423950
0.623995   -0.431344   0.423950
0.643527   -0.401622   0.423950
0.661645   -0.371017   0.423950
0.678308   -0.339596   0.423950
0.693480   -0.307429   0.423950
0.707128   -0.274586   0.423950
0.719221   -0.241140   0.423950
0.729733   -0.207163   0.423950
0.738641   -0.172731   0.423950
0.745926   -0.137920   0.423950
0.751571   -0.102805   0.423950
0.755563   -0.067464   0.423950
0.757895   -0.031975   0.423950
0.758561   0.003584   0.423950
0.757559   0.039136   0.423950
0.754892   0.074601   0.423950
0.750566   0.109903   0.423950
0.744589   0.144963   0.423950
0.736976   0.179704   0.423950
0.727743   0.214050   0.423950
0.716910   0.247926   0.423950
0.704501   0.281257   0.423950
0.690544   0.313969   0.423950
0.675068   0.345991   0.423950
0.658109   0.377253   0.423950
0.639703   0.407686   0.423950
0.619891   0.437222   0.423950
0.598716   0.465797   0.423950
0.576225   0.493348   0.423950
0.561546   0.548533   0.372745
0.536186   0.573347   0.372745
0.509730   0.596991   0.372745
0.482233   0.619414   0.372745
0.453751   0.640572   0.372745
0.424341   0.660422   0.372745
0.394065   0.678922   0.372745
0.362984   0.696035   0.372745
0.331161   0.711727   0.372745
0.298662   0.725964   0.372745
0.265552   0.738718   0.372745
0.231900   0.749963   0.372745
0.197775   0.759676   0.372745
0.163245   0.767837   0.372745
0.128382   0.774429   0.372745
0.093256   0.779439   0.372745
0.057940   0.782857   0.372745
0.022505   0.784676   0.372745
-0.012975   0.784891   0.372745
-0.048429   0.783503   0.372745
-0.083784   0.780514   0.372745
-0.118968   0.775931   0.372745
-0.153908   0.769763   0.372745
-0.188535   0.762022   0.372745
-0.222776   0.752724   0.372745
-0.256562   0.741888   0.372745
-0.289824   0.729537   0.372745
-0.322494   0.715696   0.372745
-0.354505   0.700392   0.372745
-0.385792   0.683657   0.372745
-0.416290   0.665526   0.372745
-0.445938   0.646035   0.372745
-0.474675   0.625225   0.372745
-0.502443   0.603137   0.372745
-0.529184   0.579816   0.372745
-0.554844   0.555312   0.372745
-0.579370   0.529673   0.372745
-0.602713   0.502951   0.372745
-0.624824   0.475203   0.372745
-0.645659   0.446483   0.372745
-0.665175   0.416851   0.372745
-0.683332   0.386368   0.372745
-0.700093   0.355095   0.372745
-0.715423   0.323097   0.372745
-0.729293   0.290439   0.372745
-0.741672   0.257188   0.372745
-0.752536   0.223411   0.372745
-0.761862   0.189177   0.372745
-0.769633   0.154558   0.372745
-0.775831   0.119622   0.372745
-0.780443   0.084442   0.372745
-0.783462   0.049090   0.372745
-0.784880   0.013637   0.372745
-0.784694   -0.021844   0.372745
-0.782906   -0.057280   0.372745
-0.779518   -0.092599   0.372745
-0.774537   -0.127728   0.372745
-0.767974   -0.162597   0.372745
-0.759843   -0.197134   0.372745
-0.750158   -0.231268   0.372745
-0.738942   -0.264929   0.372745
-0.726215   -0.298050   0.372745
-0.712006   -0.330561   0.372745
-0.696341   -0.362397   0.372745
-0.679254   -0.393493   0.372745
-0.660779   -0.423784   0.372745
-0.640955   -0.453210   0.372745
-0.619821   -0.481710   0.372745
-0.597420   -0.509226   0.372745
-0.573799   -0.535702   0.372745
-0.549006   -0.561083   0.372745
-0.523092   -0.585318   0.372745
-0.496108   -0.608358   0.372745
-0.468111   -0.630154   0.372745
-0.439158   -0.650663   0.372745
-0.409308   -0.669843   0.372745
-0.378621   -0.687654   0.372745
-0.347161   -0.704061   0.372745
-0.314992   -0.719029   0.372745
-0.282179   -0.732528   0.372745
-0.248790   -0.744531   0.372745
-0.214892   -0.755012   0.372745
-0.180556   -0.763952   0.372745
-0.145850   -0.771330   0.372745
-0.110847   -0.777133   0.372745
-0.075617   -0.781348   0.372745
-0.040233   -0.783967   0.372745
-0.004766   -0.784984   0.372745
0.030710   -0.784397   0.372745
0.066123   -0.782209   0.372745
0.101402   -0.778422   0.372745
0.136473   -0.773044   0.372745
0.171265   -0.766088   0.372745
0.205708   -0.757566   0.372745
0.239730   -0.747497   0.372745
0.273263   -0.735901   0.372745
0.306237   -0.722801   0.372745
0.338586   -0.708225   0.372745
0.370243   -0.692201   0.372745
0.401143   -0.674764   0.372745
0.431224   -0.655948   0.372745
0.460424   -0.635792   0.372745
0.488684   -0.614337   0.372745
0.515945   -0.591628   0.372745
0.542152   -0.567709   0.372745
0.567252   -0.542631   0.372745
0.591192   -0.516444   0.372745
0.613925   -0.489202   0.372745
0.635404   -0.460960   0.372745
0.655584   -0.431777   0.372745
0.674426   -0.401712   0.372745
0.691889   -0.370826   0.372745
0.707939   -0.339183   0.372745
0.722542   -0.306847   0.372745
0.735670   -0.273883   0.372745
0.747295   -0.240361   0.372745
0.757393   -0.206347   0.372745
0.765943   -0.171911   0.372745
0.772929   -0.137125   0.372745
0.778336   -0.102058   0.372745
0.782152   -0.066783   0.372745
0.784371   -0.031371   0.372745
0.784988   0.004104   0.372745
0.784000   0.039572   0.372745
0.781411   0.074958   0.372745
0.777226   0.110192   0.372745
0.771453   0.145200   0.372745
0.764104   0.179912   0.372745
0.755193   0.214256   0.372745
0.744740   0.248162   0.372745
0.732766   0.281561   0.372745
0.719294   0.314385   0.372745
0.704353   0.346567   0.372745
0.687973   0.378041   0.372745
0.670188   0.408743   0.372745
0.651033   0.438609   0.372745
0.630549   0.467580   0.372745
0.608776   0.495595   0.372745
0.585759   0.522598   0.372745
0.568088   0.574544   0.319900
0.542486   0.598777   0.319900
0.515851   0.621870   0.319900
0.488235   0.643779   0.319900
0.459689   0.664463   0.319900
0.430268   0.683882   0.319900
0.400028   0.701999   0.319900
0.369026   0.718780   0.319900
0.337322   0.734192   0.319900
0.304976   0.748207   0.319900
0.272050   0.760798   0.319900
0.238605   0.771941   0.319900
0.204706   0.781614   0.319900
0.170418   0.789799   0.319900
0.135805   0.796481   0.319900
0.100934   0.801647   0.319900
0.065871   0.805286   0.319900
0.030682   0.807393   0.319900
-0.004565   0.807963   0.319900
-0.039804   0.806995   0.319900
-0.074967   0.804490   0.319900
-0.109987   0.800455   0.319900
-0.144797   0.794895   0.319900
-0.179332   0.787823   0.319900
-0.213526   0.779251   0.319900
-0.247313   0.769195   0.319900
-0.280630   0.757675   0.319900
-0.313412   0.744713   0.319900
-0.345597   0.730334   0.319900
-0.377125   0.714564   0.319900
-0.407935   0.697434   0.319900
-0.437968   0.678976   0.319900
-0.467168   0.659226   0.319900
-0.495479   0.638221   0.319900
-0.522846   0.616001   0.319900
-0.549218   0.592608   0.319900
-0.574544   0.568088   0.319900
-0.598777   0.542486   0.319900
-0.621870   0.515851   0.319900
-0.643779   0.488235   0.319900
-0.664463   0.459689   0.319900
-0.683882   0.430268   0.319900
-0.701999   0.400028   0.319900
-0.718780   0.369026   0.319900
-0.734192   0.337322   0.319900
-0.748207   0.304976   0.319900
-0.760798   0.272050   0.319900
-0.771941   0.238605   0.319900
-0.781614   0.204706   0.319900
-0.789799   0.170418   0.319900
-0.796481   0.135805   0.319900
-0.801647   0.100934   0.319900
-0.805286   0.065871   0.319900
-0.807393   0.030682   0.319900
-0.807963   -0.004565   0.319900
-0.806995   -0.039804   0.319900
-0.804490   -0.074967   0.319900
-0.800455   -0.109987   0.319900
-0.794895   -0.144797   0.319900
-0.787823   -0.179332   0.319900
-0.779251   -0.213526   0.319900
-0.769195   -0.247313   0.319900
-0.757675   -0.280630   0.319900
-0.744713   -0.313412   0.319900
-0.730334   -0.345597   0.319900
-0.714564   -0.377125   0.319900
-0.697434   -0.407935   0.319900
-0.678976   -0.437968   0.319900
-0.659226   -0.467168   0.319900
-0.638221   -0.495479   0.319900
-0.616001   -0.522846   0.319900
-0.592608   -0.549218   0.319900
-0.568088   -0.574544   0.319900
-0.542486   -0.598777   0.319900
-0.515851   -0.621870   0.319900
-0.488235   -0.643779   0.319900
-0.459689   -0.664463   0.319900
-0.430268   -0.683882   0.319900
-0.400028   -0.701999   0.319900
-0.369026   -0.718780   0.319900
-0.337322   -0.734192   0.319900
-0.304976   -0.748207   0.319900
-0.272050   -0.760798   0.319900
-0.238605   -0.771941   0.319900
-0.204706   -0.781614   0.319900
-0.170418   -0.789799   0.319900
-0.135805   -0.796481   0.319900
-0.100934   -0.801647   0.319900
-0.065871   -0.805286   0.319900
-0.030682   -0.807393   0.319900
0.004565   -0.807963   0.319900
0.039804   -0.806995   0.319900
0.074967   -0.804490   0.319900
0.109987   -0.800455   0.319900
0.144797   -0.794895   0.319900
0.179332   -0.787823   0.319900
0.213526   -0.779251   0.319900
0.247313   -0.769195   0.319900
0.280630   -0.757675   0.319900
0.313412   -0.744713   0.319900
0.345597   -0.730334   0.319900
0.377125   -0.714564   0.319900
0.407935   -0.697434   0.319900
0.437968   -0.678976   0.319900
0.467168   -0.659226   0.319900
0.495479   -0.638221   0.319900
0.522846   -0.616001   0.319900
0.549218   -0.592608   0.319900
0.574544   -0.568088   0.319900
0.598777   -0.542486   0.319900
0.621870   -0.515851   0.319900
0.643779   -0.488235   0.319900
0.664463   -0.459689   0.319900
0.683882   -0.430268   0.319900
0.701999   -0.400028   0.319900
0.718780   -0.369026   0.319900
0.734192   -0.337322   0.319900
0.748207   -0.304976   0.319900
0.760798   -0.272050   0.319900
0.771941   -0.238605   0.319900
0.781614   -0.204706   0.319900
0.789799   -0.170418   0.319900
0.796481   -0.135805   0.319900
0.801647   -0.100934   0.319900
0.805286   -0.065871   0.319900
0.807393   -0.030682   0.319900
0.807963   0.004565   0.319900
0.806995   0.039804   0.319900
0.804490   0.074967   0.319900
0.800455   0.109987   0.319900
0.794895   0.144797   0.319900
0.787823   0.179332   0.319900
0.779251   0.213526   0.319900
0.769195   0.247313   0.319900
0.757675   0.280630   0.319900
0.744713   0.313412   0.319900
0.730334   0.345597   0.319900
0.714564   0.377125   0.319900
0.697434   0.407935   0.319900
0.678976   0.437968   0.319900
0.659226   0.467168   0.319900
0.638221   0.495479   0.319900
0.616001   0.522846   0.319900
0.592608   0.549218   0.319900
0.572158   0.597684   0.265649
0.545915   0.621746   0.265649
0.518660   0.644657   0.265649
0.490446   0.666374   0.265649
0.461323   0.686857   0.265649
0.431345   0.706069   0.265649
0.400569   0.723972   0.265649
0.369051   0.740535   0.265649
0.336850   0.755727   0.265649
0.304025   0.769519   0.265649
0.270637   0.781887   0.265649
0.236748   0.792806   0.265649
0.202421   0.802258   0.265649
0.167718   0.810223   0.265649
0.132706   0.816689   0.265649
0.097447   0.821642   0.265649
0.062008   0.825074   0.265649
0.026454   0.826977   0.265649
-0.009149   0.827350   0.265649
-0.044735   0.826190   0.265649
-0.080238   0.823501   0.265649
-0.115593   0.819286   0.265649
-0.150733   0.813555   0.265649
-0.185594   0.806316   0.265649
-0.220112   0.797585   0.265649
-0.254222   0.787377   0.265649
-0.287862   0.775711   0.265649
-0.320968   0.762608   0.265649
-0.353480   0.748093   0.265649
-0.385337   0.732193   0.265649
-0.416481   0.714937   0.265649
-0.446854   0.696357   0.265649
-0.476399   0.676488   0.265649
-0.505062   0.655366   0.265649
-0.532789   0.633030   0.265649
-0.559530   0.609522   0.265649
-0.585235   0.584886   0.265649
-0.609857   0.559166   0.265649
-0.633348   0.532411   0.265649
-0.655668   0.504670   0.265649
-0.676772   0.475994   0.265649
-0.696624   0.446437   0.265649
-0.715186   0.416054   0.265649
-0.732423   0.384899   0.265649
-0.748304   0.353033   0.265649
-0.762800   0.320512   0.265649
-0.775883   0.287398   0.265649
-0.787529   0.253752   0.265649
-0.797717   0.219635   0.265649
-0.806427   0.185113   0.265649
-0.813645   0.150247   0.265649
-0.819355   0.115103   0.265649
-0.823548   0.079746   0.265649
-0.826217   0.044241   0.265649
-0.827355   0.008654   0.265649
-0.826961   -0.026948   0.265649
-0.825036   -0.062501   0.265649
-0.821584   -0.097938   0.265649
-0.816609   -0.133194   0.265649
-0.810123   -0.168203   0.265649
-0.802136   -0.202900   0.265649
-0.792665   -0.237222   0.265649
-0.781725   -0.271105   0.265649
-0.769338   -0.304485   0.265649
-0.755526   -0.337302   0.265649
-0.740315   -0.369494   0.265649
-0.723733   -0.401002   0.265649
-0.705811   -0.431767   0.265649
-0.686581   -0.461733   0.265649
-0.666081   -0.490844   0.265649
-0.644347   -0.519046   0.265649
-0.621420   -0.546286   0.265649
-0.597342   -0.572515   0.265649
-0.572158   -0.597684   0.265649
-0.545915   -0.621746   0.265649
-0.518660   -0.644657   0.265649
-0.490446   -0.666374   0.265649
-0.461323   -0.686857   0.265649
-0.431345   -0.706069   0.265649
-0.400569   -0.723972   0.265649
-0.369051   -0.740535   0.265649
-0.336850   -0.755727   0.265649
-0.304025   -0.769519   0.265649
-0.270637   -0.781887   0.265649
-0.236748   -0.792806   0.265649
-0.202421   -0.802258   0.265649
-0.167718   -0.810223   0.265649
-0.132706   -0.816689   0.265649
-0.097447   -0.821642   0.265649
-0.062008   -0.825074   0.265649
-0.026454   -0.826977   0.265649
0.009149   -0.827350   0.265649
0.044735   -0.826190   0.265649
0.080238   -0.823501   0.265649
0.115593   -0.819286   0.265649
0.150733   -0.813555   0.265649
0.185594   -0.806316   0.265649
0.220112   -0.797585   0.265649
0.254222   -0.787377   0.265649
0.287862   -0.775711   0.265649
0.320968   -0.762608   0.265649
0.353480   -0.748093   0.265649
0.385337   -0.732193   0.265649
0.416481   -0.714937   0.265649
0.446854   -0.696357   0.265649
0.476399   -0.676488   0.265649
0.505062   -0.655366   0.265649
0.532789   -0.633030   0.265649
0.559530   -0.609522   0.265649
0.585235   -0.584886   0.265649
0.609857   -0.559166   0.265649
0.633348   -0.532411   0.265649
0.655668   -0.504670   0.265649
0.676772   -0.475994   0.265649
0.696624   -0.446437   0.265649
0.715186   -0.416054   0.265649
0.732423   -0.384899   0.265649
0.748304   -0.353033   0.265649
0.762800   -0.320512   0.265649
0.775883   -0.287398   0.265649
0.787529   -0.253752   0.265649
0.797717   -0.219635   0.265649
0.806427   -0.185113   0.265649
0.813645   -0.150247   0.265649
0.819355   -0.115103   0.265649
0.823548   -0.079746   0.265649
0.826217   -0.044241   0.265649
0.827355   -0.008654   0.265649
0.826961   0.026948   0.265649
0.825036   0.062501   0.265649
0.821584   0.097938   0.265649
0.816609   0.133194   0.265649
0.810123   0.168203   0.265649
0.802136   0.202900   0.265649
0.792665   0.237222   0.265649
0.781725   0.271105   0.265649
0.769338   0.304485   0.265649
0.755526   0.337302   0.265649
0.740315   0.369494   0.265649
0.723733   0.401002   0.265649
0.705811   0.431767   0.265649
0.686581   0.461733   0.265649
0.666081   0.490844   0.265649
0.644347   0.519046   0.265649
0.621420   0.546286   0.265649
0.597342   0.572515   0.265649
0.563303   0.627419   0.210230
0.536535   0.650457   0.210230
0.508826   0.672354   0.210230
0.480225   0.693072   0.210230
0.450780   0.712574   0.210230
0.420546   0.730825   0.210230
0.389573   0.747795   0.210230
0.357917   0.763453   0.210230
0.325633   0.777771   0.210230
0.292777   0.790725   0.210230
0.259408   0.802291   0.210230
0.225584   0.812451   0.210230
0.191365   0.821184   0.210230
0.156809   0.828478   0.210230
0.121979   0.834317   0.210230
0.086934   0.838693   0.210230
0.051737   0.841598   0.210230
0.016449   0.843027   0.210230
-0.018868   0.842976   0.210230
-0.054151   0.841446   0.210230
-0.089340   0.838441   0.210230
-0.124372   0.833964   0.210230
-0.159185   0.828024   0.210230
-0.193720   0.820632   0.210230
-0.227914   0.811800   0.210230
-0.261709   0.801544   0.210230
-0.295045   0.789882   0.210230
-0.327863   0.776833   0.210230
-0.360106   0.762423   0.210230
-0.391717   0.746674   0.210230
-0.422641   0.729616   0.210230
-0.452823   0.711277   0.210230
-0.482211   0.691691   0.210230
-0.510753   0.670892   0.210230
-0.538399   0.648915   0.210230
-0.565101   0.625800   0.210230
-0.590811   0.601587   0.210230
-0.615484   0.576319   0.210230
-0.639078   0.550040   0.210230
-0.661551   0.522795   0.210230
-0.682863   0.494634   0.210230
-0.702977   0.465605   0.210230
-0.721858   0.435759   0.210230
-0.739472   0.405148   0.210230
-0.755790   0.373827   0.210230
-0.770781   0.341850   0.210230
-0.784420   0.309273   0.210230
-0.796683   0.276154   0.210230
-0.807548   0.242550   0.210230
-0.816997   0.208520   0.210230
-0.825012   0.174125   0.210230
-0.831580   0.139424   0.210230
-0.836689   0.104479   0.210230
-0.840330   0.069351   0.210230
-0.842497   0.034100   0.210230
-0.843186   -0.001210   0.210230
-0.842396   -0.036517   0.210230
-0.840128   -0.071761   0.210230
-0.836386   -0.106879   0.210230
-0.831176   -0.141810   0.210230
-0.824509   -0.176491   0.210230
-0.816395   -0.210863   0.210230
-0.806849   -0.244866   0.210230
-0.795887   -0.278438   0.210230
-0.783529   -0.311522   0.210230
-0.769797   -0.344060   0.210230
-0.754714   -0.375994   0.210230
-0.738307   -0.407268   0.210230
-0.720605   -0.437828   0.210230
-0.701638   -0.467620   0.210230
-0.681441   -0.496591   0.210230
-0.660048   -0.524691   0.210230
-0.637497   -0.551871   0.210230
-0.613828   -0.578082   0.210230
-0.589082   -0.603280   0.210230
-0.563303   -0.627419   0.210230
-0.536535   -0.650457   0.210230
-0.508826   -0.672354   0.210230
-0.480225   -0.693072   0.210230
-0.450780   -0.712574   0.210230
-0.420546   -0.730825   0.210230
-0.389573   -0.747795   0.210230
-0.357917   -0.763453   0.210230
-0.325633   -0.777771   0.210230
-0.292777   -0.790725   0.210230
-0.259408   -0.802291   0.210230
-0.225584   -0.812451   0.210230
-0.191365   -0.821184   0.210230
-0.156809   -0.828478   0.210230
-0.121979   -0.834317   0.210230
-0.086934   -0.838693   0.210230
-0.051737   -0.841598   0.210230
-0.016449   -0.843027   0.210230
0.018868   -0.842976   0.210230
0.054151   -0.841446   0.210230
0.089340   -0.838441   0.210230
0.124372   -0.833964   0.210230
0.159185   -0.828024   0.210230
0.193720   -0.820632   0.210230
0.227914   -0.811800   0.210230
0.261709   -0.801544   0.210230
0.295045   -0.789882   0.210230
0.327863   -0.776833   0.210230
0.360106   -0.762423   0.210230
0.391717   -0.746674   0.210230
0.422641   -0.729616   0.210230
0.452823   -0.711277   0.210230
0.482211   -0.691691   0.210230
0.510753   -0.670892   0.210230
0.538399   -0.648915   0.210230
0.565101   -0.625800   0.210230
0.590811   -0.601587   0.210230
0.615484   -0.576319   0.210230
0.639078   -0.550040   0.210230
0.661551   -0.522795   0.210230
0.682863   -0.494634   0.210230
0.702977   -0.465605   0.210230
0.721858   -0.435759   0.210230
0.739472   -0.405148   0.210230
0.755790   -0.373827   0.210230
0.770781   -0.341850   0.210230
0.784420   -0.309273   0.210230
0.796683   -0.276154   0.210230
0.807548   -0.242550   0.210230
0.816997   -0.208520   0.210230
0.825012   -0.174125   0.210230
0.831580   -0.139424   0.210230
0.836689   -0.104479   0.210230
0.840330   -0.069351   0.210230
0.842497   -0.034100   0.210230
0.843186   0.001210   0.210230
0.842396   0.036517   0.210230
0.840128   0.071761   0.210230
0.836386   0.106879   0.210230
0.831176   0.141810   0.210230
0.824509   0.176491   0.210230
0.816395   0.210863   0.210230
0.806849   0.244866   0.210230
0.795887   0.278438   0.210230
0.783529   0.311522   0.210230
0.769797   0.344060   0.210230
0.754714   0.375994   0.210230
0.738307   0.407268   0.210230
0.720605   0.437828   0.210230
0.701638   0.467620   0.210230
0.681441   0.496591   0.210230
0.660048   0.524691   0.210230
0.637497   0.551871   0.210230
0.613828   0.578082   0.210230
0.589082   0.603280   0.210230
0.558848   0.647432   0.153887
0.531432   0.670119   0.153887
0.503097   0.691646   0.153887
0.473890   0.711975   0.153887
0.443862   0.731072   0.153887
0.413067   0.748903   0.153887
0.381556   0.765438   0.153887
0.349385   0.780647   0.153887
0.316608   0.794506   0.153887
0.283284   0.806988   0.153887
0.249469   0.818074   0.153887
0.215223   0.827743   0.153887
0.180604   0.835980   0.153887
0.145672   0.842769   0.153887
0.110488   0.848099   0.153887
0.075113   0.851961   0.153887
0.039607   0.854348   0.153887
0.004033   0.855256   0.153887
-0.031548   0.854684   0.153887
-0.067074   0.852632   0.153887
-0.102484   0.849104   0.153887
-0.137717   0.844105   0.153887
-0.172711   0.837646   0.153887
-0.207406   0.829736   0.153887
-0.241743   0.820390   0.153887
-0.275660   0.809624   0.153887
-0.309101   0.797456   0.153887
-0.342006   0.783908   0.153887
-0.374320   0.769002   0.153887
-0.405985   0.752766   0.153887
-0.436947   0.735226   0.153887
-0.467154   0.716413   0.153887
-0.496551   0.696360   0.153887
-0.525089   0.675101   0.153887
-0.552717   0.652674   0.153887
-0.579389   0.629117   0.153887
-0.605058   0.604471   0.153887
-0.629679   0.578778   0.153887
-0.653210   0.552083   0.153887
-0.675611   0.524433   0.153887
-0.696842   0.495875   0.153887
-0.716866   0.466458   0.153887
-0.735650   0.436233   0.153887
-0.753159   0.405254   0.153887
-0.769365   0.373573   0.153887
-0.784240   0.341245   0.153887
-0.797756   0.308326   0.153887
-0.809891   0.274874   0.153887
-0.820625   0.240946   0.153887
-0.829937   0.206601   0.153887
-0.837813   0.171898   0.153887
-0.844239   0.136897   0.153887
-0.849203   0.101660   0.153887
-0.852697   0.066246   0.153887
-0.854714   0.030718   0.153887
-0.855252   -0.004864   0.153887
-0.854310   -0.040437   0.153887
-0.851888   -0.075940   0.153887
-0.847992   -0.111311   0.153887
-0.842627   -0.146490   0.153887
-0.835804   -0.181415   0.153887
-0.827534   -0.216026   0.153887
-0.817831   -0.250264   0.153887
-0.806713   -0.284067   0.153887
-0.794198   -0.317380   0.153887
-0.780308   -0.350142   0.153887
-0.765067   -0.382299   0.153887
-0.748502   -0.413794   0.153887
-0.730641   -0.444572   0.153887
-0.711515   -0.474581   0.153887
-0.691157   -0.503768   0.153887
-0.669603   -0.532083   0.153887
-0.646889   -0.559477   0.153887
-0.623056   -0.585902   0.153887
-0.598144   -0.611313   0.153887
-0.572196   -0.635666   0.153887
-0.545258   -0.658918   0.153887
-0.517376   -0.681030   0.153887
-0.488599   -0.701962   0.153887
-0.458975   -0.721680   0.153887
-0.428557   -0.740148   0.153887
-0.397397   -0.757334   0.153887
-0.365549   -0.773210   0.153887
-0.333069   -0.787747   0.153887
-0.300011   -0.800920   0.153887
-0.266434   -0.812707   0.153887
-0.232396   -0.823087   0.153887
-0.197956   -0.832042   0.153887
-0.163173   -0.839556   0.153887
-0.128108   -0.845617   0.153887
-0.092820   -0.850214   0.153887
-0.057372   -0.853340   0.153887
-0.021825   -0.854987   0.153887
0.013760   -0.855155   0.153887
0.049321   -0.853843   0.153887
0.084797   -0.851052   0.153887
0.120126   -0.846788   0.153887
0.155247   -0.841058   0.153887
0.190100   -0.833872   0.153887
0.224623   -0.825242   0.153887
0.258757   -0.815184   0.153887
0.292444   -0.803714   0.153887
0.325624   -0.790853   0.153887
0.358240   -0.776623   0.153887
0.390237   -0.761049   0.153887
0.421557   -0.744157   0.153887
0.452148   -0.725976   0.153887
0.481956   -0.706539   0.153887
0.510930   -0.685879   0.153887
0.539020   -0.664031   0.153887
0.566176   -0.641034   0.153887
0.592352   -0.616927   0.153887
0.617502   -0.591752   0.153887
0.641584   -0.565553   0.153887
0.664555   -0.538375   0.153887
0.686375   -0.510264   0.153887
0.707007   -0.481270   0.153887
0.726415   -0.451443   0.153887
0.744566   -0.420835   0.153887
0.761427   -0.389498   0.153887
0.776971   -0.357486   0.153887
0.791169   -0.324856   0.153887
0.803998   -0.291663   0.153887
0.815435   -0.257966   0.153887
0.825460   -0.223822   0.153887
0.834056   -0.189290   0.153887
0.841208   -0.154431   0.153887
0.846904   -0.119304   0.153887
0.851134   -0.083971   0.153887
0.853890   -0.048492   0.153887
0.855168   -0.012930   0.153887
0.854966   0.022655   0.153887
0.853283   0.058201   0.153887
0.850124   0.093646   0.153887
0.845492   0.128928   0.153887
0.839397   0.163988   0.153887
0.831849   0.198764   0.153887
0.822861   0.233195   0.153887
0.812448   0.267223   0.153887
0.800629   0.300789   0.153887
0.787423   0.333833   0.153887
0.772855   0.366300   0.153887
0.756948   0.398132   0.153887
0.739731   0.429276   0.153887
0.721234   0.459676   0.153887
0.701488   0.489280   0.153887
0.680527   0.518037   0.153887
0.658388   0.545898   0.153887
0.635110   0.572813   0.153887
0.610732   0.598737   0.153887
0.585297   0.623624   0.153887
0.540440   0.673574   0.096867
0.512331   0.695194   0.096867
0.483358   0.715642   0.096867
0.453570   0.734883   0.096867
0.423017   0.752884   0.096867
0.391750   0.769616   0.096867
0.359823   0.785051   0.096867
0.327290   0.799162   0.096867
0.294204   0.811925   0.096867
0.260623   0.823319   0.096867
0.226602   0.833324   0.096867
0.192198   0.841925   0.096867
0.157471   0.849106   0.096867
0.122478   0.854855   0.096867
0.087279   0.859163   0.096867
0.051932   0.862021   0.096867
0.016498   0.863427   0.096867
-0.018964   0.863376   0.096867
-0.054394   0.861870   0.096867
-0.089732   0.858910   0.096867
-0.124919   0.854502   0.096867
-0.159895   0.848653   0.096867
-0.194602   0.841373   0.096867
-0.228980   0.832674   0.096867
-0.262973   0.822571   0.096867
-0.296522   0.811081   0.096867
-0.329571   0.798224   0.096867
-0.362064   0.784020   0.096867
-0.393947   0.768495   0.096867
-0.425165   0.751673   0.096867
-0.455666   0.733584   0.096867
-0.485400   0.714258   0.096867
-0.514314   0.693728   0.096867
-0.542362   0.672028   0.096867
-0.569495   0.649195   0.096867
-0.595667   0.625267   0.096867
-0.620835   0.600285   0.096867
-0.644956   0.574290   0.096867
-0.667990   0.547327   0.096867
-0.689898   0.519441   0.096867
-0.710642   0.490680   0.096867
-0.730187   0.461090   0.096867
-0.748502   0.430724   0.096867
-0.765554   0.399631   0.096867
-0.781315   0.367864   0.096867
-0.795759   0.335477   0.096867
-0.808861   0.302524   0.096867
-0.820600   0.269061   0.096867
-0.830954   0.235145   0.096867
-0.839907   0.200832   0.096867
-0.847444   0.166180   0.096867
-0.853552   0.131248   0.096867
-0.858221   0.096095   0.096867
-0.861443   0.060779   0.096867
-0.863212   0.025362   0.096867
-0.863525   -0.010099   0.096867
-0.862383   -0.045542   0.096867
-0.859786   -0.080909   0.096867
-0.855739   -0.116140   0.096867
-0.850250   -0.151174   0.096867
-0.843326   -0.185954   0.096867
-0.834981   -0.220420   0.096867
-0.825228   -0.254514   0.096867
-0.814083   -0.288179   0.096867
-0.801565   -0.321358   0.096867
-0.787696   -0.353996   0.096867
-0.772499   -0.386036   0.096867
-0.755999   -0.417426   0.096867
-0.738224   -0.448111   0.096867
-0.719204   -0.478041   0.096867
-0.698972   -0.507165   0.096867
-0.677561   -0.535434   0.096867
-0.655007   -0.562800   0.096867
-0.631349   -0.589216   0.096867
-0.606627   -0.614640   0.096867
-0.580881   -0.639027   0.096867
-0.554156   -0.662336   0.096867
-0.526497   -0.684528   0.096867
-0.497950   -0.705567   0.096867
-0.468563   -0.725415   0.096867
-0.438386   -0.744040   0.096867
-0.407469   -0.761411   0.096867
-0.375866   -0.777498   0.096867
-0.343629   -0.792273   0.096867
-0.310813   -0.805713   0.096867
-0.277472   -0.817794   0.096867
-0.243663   -0.828496   0.096867
-0.209444   -0.837801   0.096867
-0.174872   -0.845694   0.096867
-0.140004   -0.852160   0.096867
-0.104901   -0.857189   0.096867
-0.069620   -0.860773   0.096867
-0.034222   -0.862906   0.096867
0.001233   -0.863583   0.096867
0.036686   -0.862805   0.096867
0.072078   -0.860571   0.096867
0.107348   -0.856886   0.096867
0.142437   -0.851757   0.096867
0.177286   -0.845191   0.096867
0.211836   -0.837200   0.096867
0.246028   -0.827797   0.096867
0.279806   -0.816998   0.096867
0.313112   -0.804822   0.096867
0.345890   -0.791289   0.096867
0.378085   -0.776421   0.096867
0.409642   -0.760244   0.096867
0.440509   -0.742785   0.096867
0.470632   -0.724074   0.096867
0.499962   -0.704142   0.096867
0.528449   -0.683022   0.096867
0.556045   -0.660751   0.096867
0.582704   -0.637365   0.096867
0.608379   -0.612905   0.096867
0.633029   -0.587411   0.096867
0.656612   -0.560927   0.096867
0.679087   -0.533497   0.096867
0.700417   -0.505167   0.096867
0.720566   -0.475985   0.096867
0.739500   -0.446001   0.096867
0.757187   -0.415265   0.096867
0.773598   -0.383828   0.096867
0.788704   -0.351745   0.096867
0.802480   -0.319068   0.096867
0.814902   -0.285853   0.096867
0.825951   -0.252156   0.096867
0.835607   -0.218034   0.096867
0.843854   -0.183545   0.096867
0.850678   -0.148745   0.096867
0.856067   -0.113695   0.096867
0.860013   -0.078454   0.096867
0.862509   -0.043080   0.096867
0.863551   -0.007633   0.096867
0.863136   0.027827   0.096867
0.861266   0.063239   0.096867
0.857943   0.098545   0.096867
0.853174   0.133685   0.096867
0.846966   0.168599   0.096867
0.839331   0.203229   0.096867
0.830279   0.237517   0.096867
0.819828   0.271404   0.096867
0.807994   0.304833   0.096867
0.794798   0.337748   0.096867
0.780262   0.370094   0.096867
0.764410   0.401815   0.096867
0.747269   0.432860   0.096867
0.728868   0.463174   0.096867
0.709237   0.492707   0.096867
0.688411   0.521409   0.096867
0.666425   0.549232   0.096867
0.643314   0.576129   0.096867
0.619118   0.602055   0.096867
0.593879   0.626965   0.096867
0.567638   0.650818   0.096867
0.523150   0.692763   0.039420
0.494458   0.713525   0.039420
0.464943   0.733100   0.039420
0.434654   0.751454   0.039420
0.403642   0.768557   0.039420
0.371957   0.784382   0.039420
0.339654   0.798901   0.039420
0.306785   0.812090   0.039420
0.273406   0.823927   0.039420
0.239572   0.834393   0.039420
0.205338   0.843471   0.039420
0.170764   0.851144   0.039420
0.135904   0.857401   0.039420
0.100819   0.862231   0.039420
0.065566   0.865626   0.039420
0.030204   0.867580   0.039420
-0.005209   0.868090   0.039420
-0.040612   0.867155   0.039420
-0.075949   0.864777   0.039420
-0.111158   0.860959   0.039420
-0.146183   0.855709   0.039420
-0.180965   0.849034   0.039420
-0.215445   0.840946   0.039420
-0.249567   0.831459   0.039420
-0.283273   0.820587   0.039420
-0.316508   0.808350   0.039420
-0.349216   0.794767   0.039420
-0.381343   0.779862   0.039420
-0.412835   0.763659   0.039420
-0.443640   0.746184   0.039420
-0.473707   0.727468   0.039420
-0.502985   0.707540   0.039420
-0.531426   0.686436   0.039420
-0.558982   0.664188   0.039420
-0.585608   0.640835   0.039420
-0.611260   0.616416   0.039420
-0.635894   0.590971   0.039420
-0.659469   0.564542   0.039420
-0.681947   0.537173   0.039420
-0.703290   0.508910   0.039420
-0.723463   0.479800   0.039420
-0.742431   0.449892   0.039420
-0.760164   0.419235   0.039420
-0.776631   0.387880   0.039420
-0.791806   0.355880   0.039420
-0.805663   0.323287   0.039420
-0.818179   0.290156   0.039420
-0.829333   0.256542   0.039420
-0.839107   0.222501   0.039420
-0.847484   0.188090   0.039420
-0.854451   0.153366   0.039420
-0.859995   0.118386   0.039420
-0.864108   0.083210   0.039420
-0.866783   0.047895   0.039420
-0.868015   0.012500   0.039420
-0.867803   -0.022915   0.039420
-0.866146   -0.058293   0.039420
-0.863048   -0.093573   0.039420
-0.858513   -0.128698   0.039420
-0.852549   -0.163608   0.039420
-0.845166   -0.198246   0.039420
-0.836376   -0.232554   0.039420
-0.826195   -0.266475   0.039420
-0.814638   -0.299953   0.039420
-0.801726   -0.332931   0.039420
-0.787479   -0.365355   0.039420
-0.771921   -0.397172   0.039420
-0.755078   -0.428327   0.039420
-0.736979   -0.458769   0.039420
-0.717653   -0.488447   0.039420
-0.697133   -0.517313   0.039420
-0.675452   -0.545317   0.039420
-0.652648   -0.572414   0.039420
-0.628756   -0.598559   0.039420
-0.603819   -0.623706   0.039420
-0.577876   -0.647816   0.039420
-0.550972   -0.670848   0.039420
-0.523150   -0.692763   0.039420
-0.494458   -0.713525   0.039420
-0.464943   -0.733100   0.039420
-0.434654   -0.751454   0.039420
-0.403642   -0.768557   0.039420
-0.371957   -0.784382   0.039420
-0.339654   -0.798901   0.039420
-0.306785   -0.812090   0.039420
-0.273406   -0.823927   0.039420
-0.239572   -0.834393   0.039420
-0.205338   -0.843471   0.039420
-0.170764   -0.851144   0.039420
-0.135904   -0.857401   0.039420
-0.100819   -0.862231   0.039420
-0.065566   -0.865626   0.039420
-0.030204   -0.867580   0.039420
0.005209   -0.868090   0.039420
0.040612   -0.867155   0.039420
0.075949   -0.864777   0.039420
0.111158   -0.860959   0.039420
0.146183   -0.855709   0.039420
0.180965   -0.849034   0.039420
0.215445   -0.840946   0.039420
0.249567   -0.831459   0.039420
0.283273   -0.820587   0.039420
0.316508   -0.808350   0.039420
0.349216   -0.794767   0.039420
0.381343   -0.779862   0.039420
0.412835   -0.763659   0.039420
0.443640   -0.746184   0.039420
0.473707   -0.727468   0.039420
0.502985   -0.707540   0.039420
0.531426   -0.686436   0.039420
0.558982   -0.664188   0.039420
0.585608   -0.640835   0.039420
0.611260   -0.616416   0.039420
0.635894   -0.590971   0.039420
0.659469   -0.564542   0.039420
0.681947   -0.537173   0.039420
0.703290   -0.508910   0.039420
0.723463   -0.479800   0.039420
0.742431   -0.449892   0.039420
0.760164   -0.419235   0.039420
0.776631   -0.387880   0.039420
0.791806   -0.355880   0.039420
0.805663   -0.323287   0.039420
0.818179   -0.290156   0.039420
0.829333   -0.256542   0.039420
0.839107   -0.222501   0.039420
0.847484   -0.188090   0.039420
0.854451   -0.153366   0.039420
0.859995   -0.118386   0.039420
0.864108   -0.083210   0.039420
0.866783   -0.047895   0.039420
0.868015   -0.012500   0.039420
0.867803   0.022915   0.039420
0.866146   0.058293   0.039420
0.863048   0.093573   0.039420
0.858513   0.128698   0.039420
0.852549   0.163608   0.039420
0.845166   0.198246   0.039420
0.836376   0.232554   0.039420
0.826195   0.266475   0.039420
0.814638   0.299953   0.039420
0.801726   0.332931   0.039420
0.787479   0.365355   0.039420
0.771921   0.397172   0.039420
0.755078   0.428327   0.039420
0.736979   0.458769   0.039420
0.717653   0.488447   0.039420
0.697133   0.517313   0.039420
0.675452   0.545317   0.039420
0.652648   0.572414   0.039420
0.628756   0.598559   0.039420
0.603819   0.623706   0.039420
0.577876   0.647816   0.039420
0.550972   0.670848   0.039420
0.499135   0.711122   -0.018199
0.469714   0.730889   -0.018199
0.439511   0.749440   -0.018199
0.408577   0.766743   -0.018199
0.376962   0.782770   -0.018199
0.344720   0.797495   -0.018199
0.311905   0.810892   -0.018199
0.278570   0.822939   -0.018199
0.244772   0.833617   -0.018199
0.210566   0.842907   -0.018199
0.176010   0.850794   -0.018199
0.141161   0.857265   -0.018199
0.106077   0.862309   -0.018199
0.070816   0.865919   -0.018199
0.035438   0.868086   -0.018199
0.000000   0.868809   -0.018199
-0.035438   0.868086   -0.018199
-0.070816   0.865919   -0.018199
-0.106077   0.862309   -0.018199
-0.141161   0.857265   -0.018199
-0.176010   0.850794   -0.018199
-0.210566   0.842907   -0.018199
-0.244772   0.833617   -0.018199
-0.278570   0.822939   -0.018199
-0.311905   0.810892   -0.018199
-0.344720   0.797495   -0.018199
-0.376962   0.782770   -0.018199
-0.408577   0.766743   -0.018199
-0.439511   0.749440   -0.018199
-0.469714   0.730889   -0.018199
-0.499135   0.711122   -0.018199
-0.527725   0.690171   -0.018199
-0.555437   0.668071   -0.018199
-0.582225   0.644860   -0.018199
-0.608043   0.620575   -0.018199
-0.632849   0.595258   -0.018199
-0.656602   0.568949   -0.018199
-0.679263   0.541694   -0.018199
-0.700792   0.513537   -0.018199
-0.721155   0.484525   -0.018199
-0.740318   0.454707   -0.018199
-0.758249   0.424132   -0.018199
-0.774918   0.392851   -0.018199
-0.790297   0.360916   -0.018199
-0.804360   0.328381   -0.018199
-0.817085   0.295299   -0.018199
-0.828450   0.261726   -0.018199
-0.838436   0.227716   -0.018199
-0.847027   0.193328   -0.018199
-0.854207   0.158618   -0.018199
-0.859966   0.123644   -0.018199
-0.864294   0.088465   -0.018199
-0.867183   0.053138   -0.018199
-0.868629   0.017722   -0.018199
-0.868629   -0.017722   -0.018199
-0.867183   -0.053138   -0.018199
-0.864294   -0.088465   -0.018199
-0.859966   -0.123644   -0.018199
-0.854207   -0.158618   -0.018199
-0.847027   -0.193328   -0.018199
-0.838436   -0.227716   -0.018199
-0.828450   -0.261726   -0.018199
-0.817085   -0.295299   -0.018199
-0.804360   -0.328381   -0.018199
-0.790297   -0.360916   -0.018199
-0.774918   -0.392851   -0.018199
-0.758249   -0.424132   -0.018199
-0.740318   -0.454707   -0.018199
-0.721155   -0.484525   -0.018199
-0.700792   -0.513537   -0.018199
-0.679263   -0.541694   -0.018199
-0.656602   -0.568949   -0.018199
-0.632849   -0.595258   -0.018199
-0.608043   -0.620575   -0.018199
-0.582225   -0.644860   -0.018199
-0.555437   -0.668071   -0.018199
-0.527725   -0.690171   -0.018199
-0.499135   -0.711122   -0.018199
-0.469714   -0.730889   -0.018199
-0.439511   -0.749440   -0.018199
-0.408577   -0.766743   -0.018199
-0.376962   -0.782770   -0.018199
-0.344720   -0.797495   -0.018199
-0.311905   -0.810892   -0.018199
-0.278570   -0.822939   -0.018199
-0.244772   -0.833617   -0.018199
-0.210566   -0.842907   -0.018199
-0.176010   -0.850794   -0.018199
-0.141161   -0.857265   -0.018199
-0.106077   -0.862309   -0.018199
-0.070816   -0.865919   -0.018199
-0.035438   -0.868086   -0.018199
-0.000000   -0.868809   -0.018199
0.035438   -0.868086   -0.018199
0.070816   -0.865919   -0.018199
0.106077   -0.862309   -0.018199
0.141161   -0.857265   -0.018199
0.176010   -0.850794   -0.018199
0.210566   -0.842907   -0.018199
0.244772   -0.833617   -0.018199
0.278570   -0.822939   -0.018199
0.311905   -0.810892   -0.018199
0.344720   -0.797495   -0.018199
0.376962   -0.782770   -0.018199
0.408577   -0.766743   -0.018199
0.439511   -0.749440   -0.018199
0.469714   -0.730889   -0.018199
0.499135   -0.711122   -0.018199
0.527725   -0.690171   -0.018199
0.555437   -0.668071   -0.018199
0.582225   -0.644860   -0.018199
0.608043   -0.620575   -0.018199
0.632849   -0.595258   -0.018199
0.656602   -0.568949   -0.018199
0.679263   -0.541694   -0.018199
0.700792   -0.513537   -0.018199
0.721155   -0.484525   -0.018199
0.740318   -0.454707   -0.018199
0.758249   -0.424132   -0.018199
0.774918   -0.392851   -0.018199
0.790297   -0.360916   -0.018199
0.804360   -0.328381   -0.018199
0.817085   -0.295299   -0.018199
0.828450   -0.261726   -0.018199
0.838436   -0.227716   -0.018199
0.847027   -0.193328   -0.018199
0.854207   -0.158618   -0.018199
0.859966   -0.123644   -0.018199
0.864294   -0.088465   -0.018199
0.867183   -0.053138   -0.018199
0.868629   -0.017722   -0.018199
0.868629   0.017722   -0.018199
0.867183   0.053138   -0.018199
0.864294   0.088465   -0.018199
0.859966   0.123644   -0.018199
0.854207   0.158618   -0.018199
0.847027   0.193328   -0.018199
0.838436   0.227716   -0.018199
0.828450   0.261726   -0.018199
0.817085   0.295299   -0.018199
0.804360   0.328381   -0.018199
0.790297   0.360916   -0.018199
0.774918   0.392851   -0.018199
0.758249   0.424132   -0.018199
0.740318   0.454707   -0.018199
0.721155   0.484525   -0.018199
0.700792   0.513537   -0.018199
0.679263   0.541694   -0.018199
0.656602   0.568949   -0.018199
0.632849   0.595258   -0.018199
0.608043   0.620575   -0.018199
0.582225   0.644860   -0.018199
0.555437   0.668071   -0.018199
0.527725   0.690171   -0.018199
0.468029   0.728267   -0.075738
0.437735   0.746868   -0.075738
0.406704   0.764210   -0.075738
0.374986   0.780263   -0.075738
0.342636   0.795000   -0.075738
0.309709   0.808397   -0.075738
0.276259   0.820430   -0.075738
0.242343   0.831080   -0.075738
0.208019   0.840329   -0.075738
0.173344   0.848161   -0.075738
0.138376   0.854562   -0.075738
0.103175   0.859523   -0.075738
0.067801   0.863034   -0.075738
0.032312   0.865090   -0.075738
-0.003232   0.865687   -0.075738
-0.038770   0.864825   -0.075738
-0.074243   0.862504   -0.075738
-0.109590   0.858729   -0.075738
-0.144753   0.853505   -0.075738
-0.179672   0.846843   -0.075738
-0.214287   0.838752   -0.075738
-0.248542   0.829248   -0.075738
-0.282377   0.818345   -0.075738
-0.315736   0.806062   -0.075738
-0.348563   0.792420   -0.075738
-0.380802   0.777441   -0.075738
-0.412398   0.761152   -0.075738
-0.443300   0.743579   -0.075738
-0.473454   0.724753   -0.075738
-0.502809   0.704704   -0.075738
-0.531317   0.683467   -0.075738
-0.558929   0.661077   -0.075738
-0.585598   0.637573   -0.075738
-0.611280   0.612994   -0.075738
-0.635931   0.587381   -0.075738
-0.659510   0.560778   -0.075738
-0.681977   0.533229   -0.075738
-0.703293   0.504780   -0.075738
-0.723424   0.475481   -0.075738
-0.742335   0.445380   -0.075738
-0.759994   0.414528   -0.075738
-0.776372   0.382977   -0.075738
-0.791441   0.350780   -0.075738
-0.805175   0.317992   -0.075738
-0.817551   0.284667   -0.075738
-0.828549   0.250863   -0.075738
-0.838149   0.216635   -0.075738
-0.846336   0.182042   -0.075738
-0.853097   0.147142   -0.075738
-0.858418   0.111994   -0.075738
-0.862292   0.076657   -0.075738
-0.864713   0.041191   -0.075738
-0.865675   0.005656   -0.075738
-0.865177   -0.029889   -0.075738
-0.863221   -0.065384   -0.075738
-0.859808   -0.100768   -0.075738
-0.854946   -0.135983   -0.075738
-0.848643   -0.170968   -0.075738
-0.840908   -0.205665   -0.075738
-0.831756   -0.240015   -0.075738
-0.821201   -0.273960   -0.075738
-0.809261   -0.307444   -0.075738
-0.795956   -0.340409   -0.075738
-0.781310   -0.372800   -0.075738
-0.765346   -0.404562   -0.075738
-0.748091   -0.435642   -0.075738
-0.729575   -0.465988   -0.075738
-0.709829   -0.495548   -0.075738
-0.688886   -0.524272   -0.075738
-0.666781   -0.552112   -0.075738
-0.643552   -0.579022   -0.075738
-0.619237   -0.604954   -0.075738
-0.593879   -0.629867   -0.075738
-0.567519   -0.653718   -0.075738
-0.540202   -0.676466   -0.075738
-0.511974   -0.698074   -0.075738
-0.482883   -0.718504   -0.075738
-0.452978   -0.737723   -0.075738
-0.422309   -0.755698   -0.075738
-0.390927   -0.772399   -0.075738
-0.358887   -0.787798   -0.075738
-0.326241   -0.801867   -0.075738
-0.293045   -0.814585   -0.075738
-0.259356   -0.825929   -0.075738
-0.225228   -0.835881   -0.075738
-0.190721   -0.844423   -0.075738
-0.155893   -0.851541   -0.075738
-0.120801   -0.857223   -0.075738
-0.085506   -0.861460   -0.075738
-0.050067   -0.864244   -0.075738
-0.014543   -0.865571   -0.075738
0.021005   -0.865438   -0.075738
0.056518   -0.863846   -0.075738
0.091936   -0.860798   -0.075738
0.127198   -0.856297   -0.075738
0.162246   -0.850353   -0.075738
0.197021   -0.842975   -0.075738
0.231463   -0.834176   -0.075738
0.265515   -0.823970   -0.075738
0.299119   -0.812374   -0.075738
0.332219   -0.799409   -0.075738
0.364759   -0.785096   -0.075738
0.396684   -0.769459   -0.075738
0.427939   -0.752524   -0.075738
0.458473   -0.734321   -0.075738
0.488234   -0.714879   -0.075738
0.517172   -0.694232   -0.075738
0.545238   -0.672414   -0.075738
0.572384   -0.649462   -0.075738
0.598565   -0.625415   -0.075738
0.623737   -0.600314   -0.075738
0.647857   -0.574200   -0.075738
0.670885   -0.547118   -0.075738
0.692781   -0.519114   -0.075738
0.713509   -0.490234   -0.075738
0.733034   -0.460528   -0.075738
0.751323   -0.430045   -0.075738
0.768345   -0.398837   -0.075738
0.784072   -0.366956   -0.075738
0.798476   -0.334456   -0.075738
0.811534   -0.301393   -0.075738
0.823223   -0.267821   -0.075738
0.833525   -0.233798   -0.075738
0.842420   -0.199381   -0.075738
0.849896   -0.164627   -0.075738
0.855938   -0.129596   -0.075738
0.860537   -0.094346   -0.075738
0.863685   -0.058937   -0.075738
0.865376   -0.023429   -0.075738
0.865608   0.012119   -0.075738
0.864381   0.047647   -0.075738
0.861696   0.083094   -0.075738
0.857558   0.118401   -0.075738
0.851974   0.153508   -0.075738
0.844954   0.188356   -0.075738
0.836508   0.222887   -0.075738
0.826652   0.257042   -0.075738
0.815403   0.290763   -0.075738
0.802778   0.323995   -0.075738
0.788799   0.356680   -0.075738
0.773491   0.388763   -0.075738
0.756878   0.420191   -0.075738
0.738989   0.450910   -0.075738
0.719854   0.480869   -0.075738
0.699505   0.510018   -0.075738
0.677976   0.538306   -0.075738
0.655304   0.565686   -0.075738
0.631528   0.592113   -0.075738
0.606686   0.617541   -0.075738
0.580821   0.641928   -0.075738
0.553977   0.665232   -0.075738
0.526199   0.687415   -0.075738
0.497534   0.708438   -0.075738
0.000000   0.000000   0.869000
0.086800   0.000000   -0.076000
0.054119   0.067863   -0.076000
-0.019315   0.084624   -0.076000
-0.078204   0.037661   -0.076000
-0.078204   -0.037661   -0.076000
-0.019315   -0.084624   -0.076000
0.054119   -0.067863   -0.076000
0.038630   0.169247   -0.076000
-0.038630   0.169247   -0.076000
-0.108238   0.135726   -0.076000
-0.156408   0.075322   -0.076000
-0.173600   0.000000   -0.076000
-0.156408   -0.075322   -0.076000
-0.108238   -0.135726   -0.076000
-0.038630   -0.169247   -0.076000
0.038630   -0.169247   -0.076000
0.108238   -0.135726   -0.076000
0.156408   -0.075322   -0.076000
0.173600   -0.000000   -0.076000
0.156408   0.075322   -0.076000
0.108238   0.135726   -0.076000
0.112983   0.234612   -0.076000
0.042309   0.256940   -0.076000
-0.031793   0.258452   -0.076000
-0.103320   0.239025   -0.076000
-0.166476   0.200235   -0.076000
-0.216145   0.145222   -0.076000
-0.248303   0.078445   -0.076000
-0.260346   0.005312   -0.076000
-0.251296   -0.068251   -0.076000
-0.221889   -0.136285   -0.076000
-0.174505   -0.193278   -0.076000
-0.112983   -0.234612   -0.076000
-0.042309   -0.256940   -0.076000
0.031793   -0.258452   -0.076000
0.103320   -0.239025   -0.076000
0.166476   -0.200235   -0.076000
0.216145   -0.145222   -0.076000
0.248303   -0.078445   -0.076000
0.260346   -0.005312   -0.076000
0.251296   0.068251   -0.076000
0.221889   0.136285   -0.076000
0.174505   0.193278   -0.076000
0.187710   0.292083   -0.076000
0.120533   0.325607   -0.076000
0.047719   0.343905   -0.076000
-0.027326   0.346123   -0.076000
-0.101094   0.332156   -0.076000
-0.170134   0.302659   -0.076000
-0.231219   0.259009   -0.076000
-0.281492   0.203248   -0.076000
-0.318604   0.137984   -0.076000
-0.340817   0.066268   -0.076000
-0.347095   -0.008547   -0.076000
-0.337142   -0.082963   -0.076000
-0.311426   -0.153499   -0.076000
-0.271147   -0.216857   -0.076000
-0.218190   -0.270076   -0.076000
-0.155030   -0.310666   -0.076000
-0.084622   -0.336730   -0.076000
-0.010256   -0.347048   -0.076000
0.064589   -0.341140   -0.076000
0.136413   -0.319279   -0.076000
0.201860   -0.282490   -0.076000
0.257867   -0.232491   -0.076000
0.301817   -0.171622   -0.076000
0.331655   -0.102728   -0.076000
0.345984   -0.029030   -0.076000
0.344136   0.046025   -0.076000
0.326196   0.118928   -0.076000
0.293004   0.186270   -0.076000
0.246111   0.244902   -0.076000
0.243555   0.359217   -0.076000
0.179344   0.395211   -0.076000
0.109973   0.419836   -0.076000
0.037439   0.432382   -0.076000
-0.036173   0.432490   -0.076000
-0.108744   0.420156   -0.076000
-0.178186   0.395734   -0.076000
-0.242502   0.359929   -0.076000
-0.299842   0.313768   -0.076000
-0.348557   0.258581   -0.076000
-0.387243   0.195956   -0.076000
-0.414790   0.127692   -0.076000
-0.430404   0.055756   -0.076000
-0.433635   -0.017785   -0.076000
-0.424392   -0.090814   -0.076000
-0.402940   -0.161230   -0.076000
-0.369896   -0.227008   -0.076000
-0.326211   -0.286256   -0.076000
-0.273142   -0.337268   -0.076000
-0.212214   -0.378578   -0.076000
-0.145182   -0.408997   -0.076000
-0.073972   -0.427649   -0.076000
-0.000635   -0.434000   -0.076000
0.072720   -0.427864   -0.076000
0.143983   -0.409420   -0.076000
0.211105   -0.379198   -0.076000
0.272153   -0.338066   -0.076000
0.325372   -0.287209   -0.076000
0.369230   -0.228090   -0.076000
0.402467   -0.162409   -0.076000
0.424125   -0.092056   -0.076000
0.433582   -0.019054   -0.076000
0.430565   0.054495   -0.076000
0.415162   0.126477   -0.076000
0.387815   0.194821   -0.076000
0.349312   0.257560   -0.076000
0.300760   0.312889   -0.076000
0.309685   0.418722   -0.076000
0.245418   0.459350   -0.076000
0.175921   0.490188   -0.076000
0.102674   0.510579   -0.076000
0.027239   0.520087   -0.076000
-0.048776   0.518511   -0.076000
-0.123752   0.505883   -0.076000
-0.196091   0.482474   -0.076000
-0.264250   0.448781   -0.076000
-0.326777   0.405524   -0.076000
-0.382339   0.353623   -0.076000
-0.429753   0.294186   -0.076000
-0.468007   0.228478   -0.076000
-0.496286   0.157901   -0.076000
-0.513988   0.083959   -0.076000
-0.520735   0.008227   -0.076000
-0.516384   -0.067681   -0.076000
-0.501026   -0.142145   -0.076000
-0.474990   -0.213581   -0.076000
-0.438831   -0.280464   -0.076000
-0.393319   -0.341369   -0.076000
-0.339424   -0.394999   -0.076000
-0.278294   -0.440210   -0.076000
-0.211233   -0.476039   -0.076000
-0.139670   -0.501722   -0.076000
-0.065131   -0.516711   -0.076000
0.010797   -0.520688   -0.076000
0.086495   -0.513567   -0.076000
0.160349   -0.495501   -0.076000
0.230786   -0.466873   -0.076000
0.296304   -0.428295   -0.076000
0.355506   -0.380589   -0.076000
0.407132   -0.324771   -0.076000
0.450080   -0.262031   -0.076000
0.483436   -0.193706   -0.076000
0.506488   -0.121253   -0.076000
0.518745   -0.046216   -0.076000
0.519946   0.029807   -0.076000
0.510066   0.105194   -0.076000
0.489314   0.178339   -0.076000
0.458133   0.247683   -0.076000
0.417188   0.311748   -0.076000
0.367351   0.369169   -0.076000
0.353537   0.494155   -0.076000
0.290132   0.533855   -0.076000
0.222328   0.565462   -0.076000
0.151155   0.588498   -0.076000
0.077689   0.602613   -0.076000
0.003046   0.607592   -0.076000
-0.071643   0.603361   -0.076000
-0.145246   0.589984   -0.076000
-0.216647   0.567664   -0.076000
-0.284764   0.536738   -0.076000
-0.348564   0.497675   -0.076000
-0.407081   0.451069   -0.076000
-0.459427   0.397624   -0.076000
-0.504808   0.338152   -0.076000
-0.542536   0.273554   -0.076000
-0.572041   0.204810   -0.076000
-0.592874   0.132960   -0.076000
-0.604719   0.059095   -0.076000
-0.607398   -0.015666   -0.076000
-0.600869   -0.090189   -0.076000
-0.585232   -0.163345   -0.076000
-0.560723   -0.234025   -0.076000
-0.527714   -0.301158   -0.076000
-0.486705   -0.363725   -0.076000
-0.438319   -0.420779   -0.076000
-0.383288   -0.471454   -0.076000
-0.322446   -0.514982   -0.076000
-0.256717   -0.550703   -0.076000
-0.187096   -0.578077   -0.076000
-0.114639   -0.596687   -0.076000
-0.040445   -0.606252   -0.076000
0.034363   -0.606628   -0.076000
0.108650   -0.597807   -0.076000
0.181290   -0.579924   -0.076000
0.251182   -0.553250   -0.076000
0.317266   -0.518189   -0.076000
0.378541   -0.475273   -0.076000
0.434077   -0.425153   -0.076000
0.483033   -0.368587   -0.076000
0.524667   -0.306434   -0.076000
0.558348   -0.239636   -0.076000
0.583564   -0.169206   -0.076000
0.599934   -0.096210   -0.076000
0.607210   -0.021756   -0.076000
0.605282   0.053028   -0.076000
0.594177   0.127008   -0.076000
0.574066   0.199063   -0.076000
0.545252   0.268100   -0.076000
0.508173   0.333073   -0.076000
0.463391   0.392997   -0.076000
0.411584   0.446964   -0.076000
0.418469   0.554143   -0.076000
0.356103   0.596139   -0.076000
0.289562   0.631146   -0.076000
0.219625   0.658753   -0.076000
0.147114   0.678637   -0.076000
0.072878   0.690565   -0.076000
-0.002212   0.694396   -0.076000
-0.077277   0.690087   -0.076000
-0.151435   0.677686   -0.076000
-0.223819   0.657341   -0.076000
-0.293578   0.629288   -0.076000
-0.359895   0.593858   -0.076000
-0.421992   0.551465   -0.076000
-0.479142   0.502607   -0.076000
-0.530675   0.447856   -0.076000
-0.575986   0.387855   -0.076000
-0.614544   0.323306   -0.076000
-0.645897   0.254967   -0.076000
-0.669678   0.183639   -0.076000
-0.685607   0.110158   -0.076000
-0.693498   0.035385   -0.076000
-0.693258   -0.039803   -0.076000
-0.684891   -0.114524   -0.076000
-0.668494   -0.187903   -0.076000
-0.644259   -0.259078   -0.076000
-0.612471   -0.327216   -0.076000
-0.573503   -0.391518   -0.076000
-0.527810   -0.451229   -0.076000
-0.475930   -0.505650   -0.076000
-0.418469   -0.554143   -0.076000
-0.356103   -0.596139   -0.076000
-0.289562   -0.631146   -0.076000
-0.219625   -0.658753   -0.076000
-0.147114   -0.678637   -0.076000
-0.072878   -0.690565   -0.076000
0.002212   -0.694396   -0.076000
0.077277   -0.690087   -0.076000
0.151435   -0.677686   -0.076000
0.223819   -0.657341   -0.076000
0.293578   -0.629288   -0.076000
0.359895   -0.593858   -0.076000
0.421992   -0.551465   -0.076000
0.479142   -0.502607   -0.076000
0.530675   -0.447856   -0.076000
0.575986   -0.387855   -0.076000
0.614544   -0.323306   -0.076000
0.645897   -0.254967   -0.076000
0.669678   -0.183639   -0.076000
0.685607   -0.110158   -0.076000
0.693498   -0.035385   -0.076000
0.693258   0.039803   -0.076000
0.684891   0.114524   -0.076000
0.668494   0.187903   -0.076000
0.644259   0.259078   -0.076000
0.612471   0.327216   -0.076000
0.573503   0.391518   -0.076000
0.527810   0.451229   -0.076000
0.475930   0.505650   -0.076000
0.472762   0.621908   -0.076000
0.411505   0.664031   -0.076000
0.346522   0.700140   -0.076000
0.278400   0.729909   -0.076000
0.207757   0.753067   -0.076000
0.135233   0.769406   -0.076000
0.061484   0.778777   -0.076000
-0.012822   0.781095   -0.076000
-0.087012   0.776339   -0.076000
-0.160413   0.764553   -0.076000
-0.232362   0.745843   -0.076000
-0.302207   0.720378   -0.076000
-0.369315   0.688389   -0.076000
-0.433078   0.650167   -0.076000
-0.492919   0.606056   -0.076000
-0.548297   0.556457   -0.076000
-0.598709   0.501818   -0.076000
-0.643698   0.442635   -0.076000
-0.682859   0.379443   -0.076000
-0.715835   0.312815   -0.076000
-0.742329   0.243354   -0.076000
-0.762100   0.171690   -0.076000
-0.774969   0.098470   -0.076000
-0.780820   0.024359   -0.076000
-0.779600   -0.049973   -0.076000
-0.771320   -0.123853   -0.076000
-0.756054   -0.196610   -0.076000
-0.733942   -0.267588   -0.076000
-0.705182   -0.336142   -0.076000
-0.670037   -0.401651   -0.076000
-0.628824   -0.463524   -0.076000
-0.581916   -0.521198   -0.076000
-0.529737   -0.574153   -0.076000
-0.472762   -0.621908   -0.076000
-0.411505   -0.664031   -0.076000
-0.346522   -0.700140   -0.076000
-0.278400   -0.729909   -0.076000
-0.207757   -0.753067   -0.076000
-0.135233   -0.769406   -0.076000
-0.061484   -0.778777   -0.076000
0.012822   -0.781095   -0.076000
0.087012   -0.776339   -0.076000
0.160413   -0.764553   -0.076000
0.232362   -0.745843   -0.076000
0.302207   -0.720378   -0.076000
0.369315   -0.688389   -0.076000
0.433078   -0.650167   -0.076000
0.492919   -0.606056   -0.076000
0.548297   -0.556457   -0.076000
0.598709   -0.501818   -0.076000
0.643698   -0.442635   -0.076000
0.682859   -0.379443   -0.076000
0.715835   -0.312815   -0.076000
0.742329   -0.243354   -0.076000
0.762100   -0.171690   -0.076000
0.774969   -0.098470   -0.076000
0.780820   -0.024359   -0.076000
0.779600   0.049973   -0.076000
0.771320   0.123853   -0.076000
0.756054   0.196610   -0.076000
0.733942   0.267588   -0.076000
0.705182   0.336142   -0.076000
0.670037   0.401651   -0.076000
0.628824   0.463524   -0.076000
0.581916   0.521198   -0.076000
0.529737   0.574153   -0.076000
0.536562   0.682294   -0.076000
0.475054   0.726462   -0.076000
0.409931   0.765102   -0.076000
0.341688   0.797918   -0.076000
0.270845   0.824662   -0.076000
0.197940   0.845129   -0.076000
0.123529   0.859165   -0.076000
0.048178   0.866662   -0.076000
-0.027540   0.867563   -0.076000
-0.103048   0.861861   -0.076000
-0.177772   0.849601   -0.076000
-0.251143   0.830874   -0.076000
-0.322603   0.805823   -0.076000
-0.391608   0.774640   -0.076000
-0.457632   0.737562   -0.076000
-0.520173   0.694870   -0.076000
-0.578755   0.646890   -0.076000
-0.632933   0.593986   -0.076000
-0.682294   0.536562   -0.076000
-0.726462   0.475054   -0.076000
-0.765102   0.409931   -0.076000
-0.797918   0.341688   -0.076000
-0.824662   0.270845   -0.076000
-0.845129   0.197940   -0.076000
-0.859165   0.123529   -0.076000
-0.866662   0.048178   -0.076000
-0.867563   -0.027540   -0.076000
-0.861861   -0.103048   -0.076000
-0.849601   -0.177772   -0.076000
-0.830874   -0.251143   -0.076000
-0.805823   -0.322603   -0.076000
-0.774640   -0.391608   -0.076000
-0.737562   -0.457632   -0.076000
-0.694870   -0.520173   -0.076000
-0.646890   -0.578755   -0.076000
-0.593986   -0.632933   -0.076000
-0.536562   -0.682294   -0.076000
-0.475054   -0.726462   -0.076000
-0.409931   -0.765102   -0.076000
-0.341688   -0.797918   -0.076000
-0.270845   -0.824662   -0.076000
-0.197940   -0.845129   -0.076000
-0.123529   -0.859165   -0.076000
-0.048178   -0.866662   -0.076000
0.027540   -0.867563   -0.076000
0.103048   -0.861861   -0.076000
0.177772   -0.849601   -0.076000
0.251143   -0.830874   -0.076000
0.322603   -0.805823   -0.076000
0.391608   -0.774640   -0.076000
0.457632   -0.737562   -0.076000
0.520173   -0.694870   -0.076000
0.578755   -0.646890   -0.076000
0.632933   -0.593986   -0.076000
0.682294   -0.536562   -0.076000
0.726462   -0.475054   -0.076000
0.765102   -0.409931   -0.076000
0.797918   -0.341688   -0.076000
0.824662   -0.270845   -0.076000
0.845129   -0.197940   -0.076000
0.859165   -0.123529   -0.076000
0.866662   -0.048178   -0.076000
0.867563   0.027540   -0.076000
0.861861   0.103048   -0.076000
0.849601   0.177772   -0.076000
0.830874   0.251143   -0.076000
0.805823   0.322603   -0.076000
0.774640   0.391608   -0.076000
0.737562   0.457632   -0.076000
0.694870   0.520173   -0.076000
0.646890   0.578755   -0.076000
0.593986   0.632933   -0.076000
0.000000   0.000000   -0.076000
